1790803204	ACC	-0.09247604	-0.10122984	9.80029
1790803209	ACC	-0.077138186	-0.10354923	9.831341
1790803214	ACC	-0.0796072	-0.09756372	9.863587
1790803219	ACC	-0.07107786	-0.08207623	9.819444
1790803224	ACC	-0.06262334	-0.07736264	9.802759
1790803229	ACC	-0.07115268	-0.091653034	9.832612
1790803234	ACC	-0.08080431	-0.08678981	9.8683
1790803239	ACC	-0.06995558	-0.07130232	9.844508
1790803244	ACC	-0.06262334	-0.08454525	9.802759
1790803249	ACC	-0.05312135	-0.09883564	9.801638
1790803254	ACC	-0.061575875	-0.090455934	9.826627
1790803259	ACC	-0.063895255	-0.08447043	9.823035
1790803264	ACC	-0.060378775	-0.089258835	9.827824
1790803269	ACC	-0.05686229	-0.09876082	9.839795
1790803275	ACC	-0.065242	-0.089184016	9.8576765
1790803280	ACC	-0.05693711	-0.09636662	9.852888
1790803285	ACC	-0.057909753	-0.08806173	9.817124
1790803290	ACC	-0.06501754	-0.090455934	9.796774
1790803295	ACC	-0.056712653	-0.10242694	9.8028345
1790803300	ACC	-0.057984572	-0.109534726	9.824307
1790803305	ACC	-0.057909753	-0.08686463	9.809942
1790803310	ACC	-0.07227496	-0.08566753	9.81705
1790803315	ACC	-0.073621705	-0.10115502	9.850494
1790803320	ACC	-0.07377134	-0.093897596	9.889849
1790803325	ACC	-0.082899235	-0.04750994	9.809867
1790803330	ACC	-0.066139825	-0.10003274	9.787272
1790803335	ACC	-0.08312369	-0.09995792	9.852814
1790803340	ACC	-0.08551789	-0.10594343	9.848025
1790803345	ACC	-0.08043021	-0.09412205	9.770513
1790803350	ACC	-0.06741174	-0.10003274	9.789666
1790803355	ACC	-0.07249942	-0.095169514	9.867179
1790803360	ACC	-0.0700304	-0.075342536	9.848923
1790803365	ACC	-0.06621464	-0.06711247	9.805977
1790803370	ACC	-0.05693711	-0.09442133	9.862091
1790803375	ACC	-0.0664391	-0.09090485	9.840543
1790803380	ACC	-0.060229138	-0.11724106	9.789292
1790803385	ACC	-0.04369418	-0.08970775	9.834707
1790803390	ACC	-0.05693711	-0.10519524	9.848923
1790803396	ACC	-0.0624737	-0.08028057	9.758243
1790803401	ACC	-0.0636708	-0.10295067	9.759439
1790803406	ACC	-0.054617725	-0.09202713	9.879972
1790803411	ACC	-0.07609072	-0.06935703	9.884686
1790803416	ACC	-0.07444471	-0.05641338	9.782035
1790803421	ACC	-0.06621464	-0.09816227	9.794005
1790803426	ACC	-0.06299743	-0.09801263	9.875184
1790803431	ACC	-0.05805939	-0.078933835	9.845331
1790803436	ACC	-0.05544073	-0.08140286	9.791686
1790803441	ACC	-0.059106853	-0.08791209	9.807697
1790803446	ACC	-0.07115268	-0.09142858	9.843461
1790803451	ACC	-0.07220014	-0.095094696	9.7981205
1790803456	ACC	-0.057909753	-0.10818799	9.807773
1790803461	ACC	-0.07227496	-0.09262568	9.82558
1790803466	ACC	-0.06748656	-0.0891092	9.817274
1790803471	ACC	-0.07706337	-0.096216984	9.8172
1790803476	ACC	-0.08424597	-0.09382278	9.836278
1790803481	ACC	-0.0724246	-0.08664017	9.857752
1790803486	ACC	-0.06875848	-0.09262568	9.835156
1790803491	ACC	-0.08043021	-0.08312369	9.784953
1790803496	ACC	-0.08417115	-0.0927005	9.806426
1790803501	ACC	-0.08544307	-0.10699089	9.821913
1790803507	ACC	-0.081776954	-0.10100538	9.8172
1790803512	ACC	-0.07466917	-0.11050737	9.82558
1790803517	ACC	-0.07579145	-0.111779295	9.8065
1790803522	ACC	-0.06636428	-0.10871172	9.82513
1790803527	ACC	-0.049679685	-0.118288524	9.829993
1790803532	ACC	-0.07234978	-0.09442133	9.831041
1790803537	ACC	-0.059106853	-0.10040683	9.814431
1790803542	ACC	-0.06135142	-0.09928455	9.782185
1790803547	ACC	-0.06875848	-0.10990882	9.837027
1790803552	ACC	-0.05925649	-0.07766192	9.8406925
1790803557	ACC	-0.06501754	-0.09090485	9.800066
1790803562	ACC	-0.06860884	-0.080130935	9.798869
1790803567	ACC	-0.0676362	-0.08723872	9.8478
1790803572	ACC	-0.07115268	-0.08723872	9.832238
1790803577	ACC	-0.06628946	-0.09322423	9.821539
1790803582	ACC	-0.061575875	-0.100332014	9.828722
1790803587	ACC	-0.06516718	-0.10751462	9.822736
1790803592	ACC	-0.06868366	-0.08843583	9.817947
1790803597	ACC	-0.059106853	-0.08125322	9.818023
1790803602	ACC	-0.080579855	-0.07175123	9.817873
1790803607	ACC	-0.06516718	-0.080056116	9.828722
1790803612	ACC	-0.06756138	-0.07766192	9.833435
1790803617	ACC	-0.0688333	-0.08484452	9.848998
1790803623	ACC	-0.07354689	-0.08484452	9.840618
1790803628	ACC	-0.06628946	-0.09322423	9.807249
1790803633	ACC	-0.07339725	-0.09442133	9.795278
1790803638	ACC	-0.07466917	-0.10160393	9.821539
1790803643	ACC	-0.05566519	-0.08963293	9.841889
1790803648	ACC	-0.06868366	-0.08843583	9.813159
1790803653	ACC	-0.06988076	-0.09202713	9.814357
1790803658	ACC	-0.063970074	-0.09442133	9.832313
1790803663	ACC	-0.061575875	-0.10040683	9.822736
1790803668	ACC	-0.07466917	-0.096815534	9.820342
1790803673	ACC	-0.06868366	-0.10519524	9.814357
1790803678	ACC	-0.065092355	-0.09322423	9.817947
1790803683	ACC	-0.060378775	-0.090455934	9.820716
1790803688	ACC	-0.05686229	-0.08678981	9.84578
1790803693	ACC	-0.07115268	-0.09995792	9.831415
1790803698	ACC	-0.06621464	-0.08686463	9.806351
1790803703	ACC	-0.056712653	-0.09404723	9.813534
1790803708	ACC	-0.065092355	-0.09883564	9.821838
1790803713	ACC	-0.07347207	-0.092850134	9.823035
1790803718	ACC	-0.06868366	-0.08447043	9.82543
1790803723	ACC	-0.06404489	-0.093972415	9.840992
1790803728	ACC	-0.07347207	-0.107140526	9.819444
1790803734	ACC	-0.081776954	-0.089258835	9.812262
1790803739	ACC	-0.07938275	-0.10242694	9.814655
1790803744	ACC	-0.074743986	-0.09404723	9.831341
1790803749	ACC	-0.09023148	-0.09404723	9.826552
1790803754	ACC	-0.06868366	-0.092850134	9.814655
1790803759	ACC	-0.08895956	-0.090455934	9.821764
1790803764	ACC	-0.06756138	-0.08806173	9.827824
1790803769	ACC	-0.059106853	-0.08327333	9.820716
1790803774	ACC	-0.07347207	-0.089258835	9.826627
1790803779	ACC	-0.06636428	-0.09636662	9.830218
1790803784	ACC	-0.07107786	-0.08806173	9.8206415
1790803789	ACC	-0.049530048	-0.09404723	9.80882
1790803794	ACC	-0.056787472	-0.089258835	9.829096
1790803799	ACC	-0.06748656	-0.08806173	9.814731
1790803804	ACC	-0.063895255	-0.092850134	9.821838
1790803809	ACC	-0.057909753	-0.09404723	9.814731
1790803814	ACC	-0.06516718	-0.08566753	9.83381
1790803819	ACC	-0.06284779	-0.08447043	9.845706
1790803824	ACC	-0.06868366	-0.091653034	9.82543
1790803829	ACC	-0.07107786	-0.08806173	9.823035
1790803834	ACC	-0.063895255	-0.09883564	9.807548
1790803839	ACC	-0.060453594	-0.09756372	9.838598
1790803844	ACC	-0.08536825	-0.08222587	9.821689
1790803850	ACC	-0.06875848	-0.09292495	9.832538
1790803855	ACC	-0.06756138	-0.09053075	9.830143
1790803860	ACC	-0.08065467	-0.10130466	9.830069
1790803865	ACC	-0.07354689	-0.108412445	9.832462
1790803870	ACC	-0.07339725	-0.10250176	9.806201
1790803875	ACC	-0.081776954	-0.10250176	9.815778
1790803880	ACC	-0.07826047	-0.10130466	9.82528
1790803885	ACC	-0.06988076	-0.10250176	9.820566
1790803890	ACC	-0.08424597	-0.107215345	9.828872
1790803895	ACC	-0.07227496	-0.106093064	9.819369
1790803900	ACC	-0.062698156	-0.09172785	9.814655
1790803905	ACC	-0.06868366	-0.09412205	9.822961
1790803910	ACC	-0.07706337	-0.10250176	9.814581
1790803915	ACC	-0.08065467	-0.09172785	9.83366
1790803920	ACC	-0.06875848	-0.10130466	9.825355
1790803925	ACC	-0.048407767	-0.099060096	9.8169
1790803930	ACC	-0.056787472	-0.09195231	9.815703
1790803935	ACC	-0.05431845	-0.09434651	9.80852
1790803940	ACC	-0.06636428	-0.082375504	9.825205
1790803945	ACC	-0.063895255	-0.08836101	9.813309
1790803950	ACC	-0.06756138	-0.0871639	9.825205
1790803955	ACC	-0.07586627	-0.1086369	9.81922
1790803960	ACC	-0.062698156	-0.09554361	9.802535
1790803966	ACC	-0.060378775	-0.0847697	9.822811
1790803971	ACC	-0.065092355	-0.0859668	9.822811
1790803976	ACC	-0.079457566	-0.07639	9.826327
1790803981	ACC	-0.07818565	-0.07526772	9.816826
1790803986	ACC	-0.07466917	-0.09314941	9.820416
1790803991	ACC	-0.07818565	-0.09554361	9.812037
1790803996	ACC	-0.08776245	-0.082375504	9.822736
1790804001	ACC	-0.063970074	-0.08955811	9.825205
1790804006	ACC	-0.08304887	-0.08604162	9.823858
1790804011	ACC	-0.063970074	-0.08484452	9.83351
1790804016	ACC	-0.06988076	-0.08364742	9.822736
1790804021	ACC	-0.07115268	-0.09083003	9.840618
1790804026	ACC	-0.056787472	-0.096815534	9.818023
1790804031	ACC	-0.063970074	-0.096815534	9.827524
1790804036	ACC	-0.07826047	-0.10751462	9.820267
1790804041	ACC	-0.061575875	-0.10040683	9.817947
1790804046	ACC	-0.06748656	-0.09202713	9.813159
1790804051	ACC	-0.07107786	-0.09561843	9.808371
1790804056	ACC	-0.06748656	-0.096815534	9.820342
1790804061	ACC	-0.06516718	-0.10392332	9.826327
1790804066	ACC	-0.065242	-0.100332014	9.837027
1790804071	ACC	-0.07227496	-0.096815534	9.811962
1790804076	ACC	-0.077138186	-0.09801263	9.831041
1790804082	ACC	-0.08065467	-0.100332014	9.828647
1790804087	ACC	-0.06636428	-0.10414778	9.821389
1790804092	ACC	-0.075941086	-0.09696517	9.836877
1790804097	ACC	-0.07354689	-0.094570965	9.830892
1790804102	ACC	-0.06875848	-0.09696517	9.8273
1790804107	ACC	-0.07466917	-0.07908347	9.820118
1790804112	ACC	-0.06748656	-0.091054484	9.814207
1790804117	ACC	-0.06868366	-0.09823709	9.809419
1790804122	ACC	-0.07826047	-0.10295067	9.822512
1790804127	ACC	-0.07227496	-0.10055647	9.823709
1790804132	ACC	-0.06636428	-0.10055647	9.820192
1790804137	ACC	-0.059106853	-0.07908347	9.804705
1790804142	ACC	-0.07234978	-0.094570965	9.833285
1790804147	ACC	-0.062772974	-0.088660285	9.828572
1790804152	ACC	-0.06516718	-0.088660285	9.826178
1790804157	ACC	-0.05199907	-0.08626608	9.826253
1790804162	ACC	-0.063970074	-0.08626608	9.827375
1790804167	ACC	-0.06988076	-0.08200141	9.813534
1790804172	ACC	-0.062698156	-0.08678981	9.819593
1790804177	ACC	-0.065092355	-0.091578215	9.821913
1790804182	ACC	-0.06628946	-0.093897596	9.823111
1790804187	ACC	-0.07347207	-0.08559271	9.819519
1790804192	ACC	-0.061575875	-0.093897596	9.825504
1790804198	ACC	-0.061501056	-0.089184016	9.820791
1790804203	ACC	-0.057984572	-0.0962918	9.82558
1790804208	ACC	-0.063895255	-0.0974889	9.818397
1790804213	ACC	-0.057984572	-0.090381116	9.8267765
1790804218	ACC	-0.063895255	-0.093972415	9.814805
1790804223	ACC	-0.07115268	-0.08798691	9.830293
1790804228	ACC	-0.06988076	-0.0962918	9.825504
1790804233	ACC	-0.063970074	-0.0962918	9.823111
1790804238	ACC	-0.06628946	-0.095169514	9.810017
1790804243	ACC	-0.07466917	-0.08319851	9.824307
1790804248	ACC	-0.06868366	-0.1038485	9.820416
1790804253	ACC	-0.07227496	-0.099134915	9.813234
1790804258	ACC	-0.07706337	-0.101454295	9.814431
1790804263	ACC	-0.07466917	-0.09195231	9.81922
1790804268	ACC	-0.07107786	-0.096740715	9.81922
1790804273	ACC	-0.06516718	-0.09195231	9.822811
1790804278	ACC	-0.055590373	-0.096740715	9.815703
1790804283	ACC	-0.063895255	-0.11222821	9.810915
1790804288	ACC	-0.063970074	-0.08955811	9.8276
1790804293	ACC	-0.054468088	-0.100257196	9.832388
1790804298	ACC	-0.06636428	-0.1086369	9.828796
1790804303	ACC	-0.059106853	-0.10272621	9.809718
1790804308	ACC	-0.06748656	-0.08955811	9.813234
1790804314	ACC	-0.06636428	-0.09546879	9.831191
1790804319	ACC	-0.07227496	-0.09314941	9.81084
1790804324	ACC	-0.07706337	-0.08955811	9.81922
1790804329	ACC	-0.06988076	-0.089857385	9.816601
1790804334	ACC	-0.061501056	-0.091054484	9.814207
1790804339	ACC	-0.062772974	-0.08746318	9.823784
1790804344	ACC	-0.08664017	-0.08506898	9.8368025
1790804349	ACC	-0.07466917	-0.089857385	9.810616
1790804354	ACC	-0.06988076	-0.092251584	9.810616
1790804359	ACC	-0.07115268	-0.09696517	9.834483
1790804364	ACC	-0.06988076	-0.10175357	9.821389
1790804369	ACC	-0.06995558	-0.10414778	9.821389
1790804374	ACC	-0.07227496	-0.08626608	9.817799
1790804379	ACC	-0.06756138	-0.094570965	9.824981
1790804384	ACC	-0.06636428	-0.093373865	9.828572
1790804389	ACC	-0.061501056	-0.09344868	9.816601
1790804394	ACC	-0.06636428	-0.08626608	9.822587
1790804399	ACC	-0.063970074	-0.10055647	9.821389
1790804404	ACC	-0.06516718	-0.09696517	9.832088
1790804409	ACC	-0.07347207	-0.10474633	9.824233
1790804414	ACC	-0.07227496	-0.09644144	9.818247
1790804419	ACC	-0.08304887	-0.09644144	9.827749
1790804425	ACC	-0.06875848	-0.090455934	9.827824
1790804430	ACC	-0.07706337	-0.09404723	9.8206415
1790804435	ACC	-0.07107786	-0.10003274	9.81705
1790804440	ACC	-0.063970074	-0.10115502	9.831415
1790804445	ACC	-0.062698156	-0.10003274	9.817124
1790804450	ACC	-0.055590373	-0.09763854	9.825504
1790804455	ACC	-0.063895255	-0.09524433	9.817124
1790804460	ACC	-0.063895255	-0.089258835	9.823035
1790804465	ACC	-0.06628946	-0.09644144	9.8206415
1790804470	ACC	-0.060303956	-0.090455934	9.814731
1790804475	ACC	-0.062772974	-0.09404723	9.82543
1790804480	ACC	-0.07107786	-0.10235212	9.826627
1790804485	ACC	-0.07818565	-0.092850134	9.8050785
1790804490	ACC	-0.06995558	-0.1074398	9.824008
1790804495	ACC	-0.06636428	-0.0871639	9.834782
1790804500	ACC	-0.07586627	-0.09195231	9.816826
1790804505	ACC	-0.06868366	-0.097937815	9.816826
1790804510	ACC	-0.06748656	-0.09195231	9.818023
1790804515	ACC	-0.07586627	-0.0871639	9.816826
1790804520	ACC	-0.07107786	-0.082375504	9.813234
1790804525	ACC	-0.063970074	-0.097862996	9.824008
1790804530	ACC	-0.061501056	-0.09434651	9.814507
1790804535	ACC	-0.05918167	-0.09546879	9.826403
1790804540	ACC	-0.057984572	-0.1050456	9.8228855
1790804546	ACC	-0.07347207	-0.09434651	9.812037
1790804551	ACC	-0.07107786	-0.09554361	9.822811
1790804556	ACC	-0.063895255	-0.09554361	9.813309
1790804561	ACC	-0.07698855	-0.09195231	9.801263
1790804566	ACC	-0.060378775	-0.08836101	9.822811
1790804571	ACC	-0.07107786	-0.09651626	9.822961
1790804576	ACC	-0.07227496	-0.088136554	9.818172
1790804581	ACC	-0.06875848	-0.103698865	9.825355
1790804586	ACC	-0.074743986	-0.09412205	9.831265
1790804591	ACC	-0.06868366	-0.08454525	9.826552
1790804596	ACC	-0.07586627	-0.110806644	9.825355
1790804601	ACC	-0.07826047	-0.09412205	9.832462
1790804606	ACC	-0.07466917	-0.08933365	9.818172
1790804611	ACC	-0.06868366	-0.09771336	9.813384
1790804616	ACC	-0.07107786	-0.103698865	9.824158
1790804621	ACC	-0.062698156	-0.09412205	9.818247
1790804626	ACC	-0.061501056	-0.09292495	9.818247
1790804631	ACC	-0.074743986	-0.104821146	9.836054
1790804636	ACC	-0.063895255	-0.09531915	9.820566
1790804641	ACC	-0.06516718	-0.09771336	9.825355
1790804646	ACC	-0.06628946	-0.09172785	9.822961
1790804651	ACC	-0.07107786	-0.09412205	9.821764
1790804656	ACC	-0.062698156	-0.09531915	9.813458
1790804662	ACC	-0.05312135	-0.09172785	9.809867
1790804667	ACC	-0.06988076	-0.09771336	9.821764
1790804672	ACC	-0.06748656	-0.071451955	9.821764
1790804677	ACC	-0.08185177	-0.08454525	9.820492
1790804682	ACC	-0.07227496	-0.09651626	9.819369
1790804687	ACC	-0.07706337	-0.09891046	9.818172
1790804692	ACC	-0.06868366	-0.09651626	9.821764
1790804697	ACC	-0.06756138	-0.11679215	9.8337345
1790804702	ACC	-0.06988076	-0.10010756	9.810989
1790804707	ACC	-0.061575875	-0.09053075	9.824158
1790804712	ACC	-0.061575875	-0.08454525	9.827749
1790804717	ACC	-0.060378775	-0.08933365	9.825355
1790804722	ACC	-0.062698156	-0.09771336	9.818247
1790804727	ACC	-0.06756138	-0.08574235	9.8337345
1790804732	ACC	-0.063970074	-0.09299977	9.82528
1790804737	ACC	-0.07234978	-0.09299977	9.832388
1790804742	ACC	-0.07227496	-0.087089084	9.815703
1790804747	ACC	-0.06988076	-0.09539397	9.820492
1790804752	ACC	-0.062772974	-0.09419687	9.821689
1790804757	ACC	-0.07466917	-0.09180267	9.820492
1790804762	ACC	-0.07818565	-0.09427169	9.813309
1790804767	ACC	-0.061501056	-0.087089084	9.820492
1790804773	ACC	-0.07115268	-0.08821137	9.828872
1790804778	ACC	-0.06988076	-0.09539397	9.819295
1790804783	ACC	-0.07347207	-0.09898528	9.819295
1790804788	ACC	-0.065092355	-0.084694885	9.814581
1790804793	ACC	-0.057984572	-0.09419687	9.818172
1790804798	ACC	-0.07586627	-0.09419687	9.826403
1790804803	ACC	-0.06636428	-0.09659108	9.831265
1790804808	ACC	-0.07227496	-0.09187749	9.815703
1790804813	ACC	-0.07115268	-0.1050456	9.8276
1790804818	ACC	-0.07227496	-0.1110311	9.816826
1790804823	ACC	-0.060378775	-0.0859668	9.829993
1790804828	ACC	-0.06636428	-0.0966659	9.824008
1790804833	ACC	-0.063970074	-0.09554361	9.822811
1790804838	ACC	-0.048407767	-0.08836101	9.819295
1790804843	ACC	-0.063895255	-0.08955811	9.80852
1790804848	ACC	-0.062772974	-0.099060096	9.826403
1790804853	ACC	-0.063970074	-0.099060096	9.822811
1790804858	ACC	-0.063895255	-0.101529114	9.812112
1790804863	ACC	-0.08776245	-0.082375504	9.810765
1790804868	ACC	-0.07698855	-0.09075521	9.813234
1790804873	ACC	-0.06756138	-0.09187749	9.835904
1790804878	ACC	-0.05918167	-0.102651395	9.821614
1790804883	ACC	-0.06516718	-0.0966659	9.824008
1790804889	ACC	-0.07818565	-0.08955811	9.813234
1790804894	ACC	-0.07115268	-0.09083003	9.82745
1790804899	ACC	-0.06995558	-0.09202713	9.827524
1790804904	ACC	-0.06988076	-0.096815534	9.814357
1790804909	ACC	-0.07227496	-0.09202713	9.821539
1790804914	ACC	-0.07818565	-0.08723872	9.814357
1790804919	ACC	-0.065092355	-0.08843583	9.817947
1790804924	ACC	-0.065242	-0.097937815	9.841815
1790804929	ACC	-0.06875848	-0.09561843	9.828722
1790804934	ACC	-0.06875848	-0.08963293	9.826327
1790804939	ACC	-0.07227496	-0.10040683	9.813159
1790804944	ACC	-0.061501056	-0.09442133	9.812037
1790804949	ACC	-0.06988076	-0.09801263	9.822736
1790804954	ACC	-0.059106853	-0.09561843	9.814431
1790804959	ACC	-0.07227496	-0.09920973	9.809568
1790804964	ACC	-0.06875848	-0.08484452	9.833435
1790804969	ACC	-0.07220014	-0.10280103	9.80478
1790804974	ACC	-0.08656535	-0.10474633	9.819369
1790804979	ACC	-0.060378775	-0.10115502	9.823111
1790804984	ACC	-0.07698855	-0.09404723	9.811065
1790804989	ACC	-0.07234978	-0.09756372	9.829021
1790804994	ACC	-0.05199907	-0.10474633	9.814731
1790804999	ACC	-0.07466917	-0.089258835	9.831341
1790805005	ACC	-0.07347207	-0.10115502	9.824233
1790805010	ACC	-0.07227496	-0.10122984	9.819444
1790805015	ACC	-0.06988076	-0.09404723	9.815853
1790805020	ACC	-0.06636428	-0.09995792	9.835007
1790805025	ACC	-0.07347207	-0.090455934	9.818247
1790805030	ACC	-0.06636428	-0.09756372	9.826627
1790805035	ACC	-0.06995558	-0.09524433	9.830218
1790805040	ACC	-0.07227496	-0.092850134	9.829021
1790805045	ACC	-0.08424597	-0.09763854	9.826552
1790805050	ACC	-0.065092355	-0.07975684	9.813534
1790805055	ACC	-0.07459435	-0.08806173	9.811065
1790805060	ACC	-0.08544307	-0.09763854	9.826552
1790805065	ACC	-0.061501056	-0.092850134	9.809942
1790805070	ACC	-0.07347207	-0.08686463	9.82543
1790805075	ACC	-0.06628946	-0.089258835	9.819444
1790805080	ACC	-0.07818565	-0.08686463	9.813458
1790805085	ACC	-0.06875848	-0.09524433	9.826627
1790805090	ACC	-0.060378775	-0.09404723	9.820716
1790805095	ACC	-0.06868366	-0.089258835	9.824233
1790805100	ACC	-0.065092355	-0.09524433	9.821838
1790805105	ACC	-0.06988076	-0.08566753	9.824233
1790805110	ACC	-0.07459435	-0.09763854	9.811065
1790805115	ACC	-0.07220014	-0.092850134	9.805154
1790805121	ACC	-0.07107786	-0.089258835	9.818247
1790805126	ACC	-0.07826047	-0.08686463	9.830143
1790805131	ACC	-0.06628946	-0.10594343	9.812336
1790805136	ACC	-0.07354689	-0.100332014	9.831041
1790805141	ACC	-0.06516718	-0.10392332	9.83351
1790805146	ACC	-0.06516718	-0.10399814	9.819145
1790805151	ACC	-0.060378775	-0.08963293	9.826327
1790805156	ACC	-0.057984572	-0.08843583	9.828722
1790805161	ACC	-0.06875848	-0.10631752	9.827524
1790805166	ACC	-0.07227496	-0.08132804	9.813159
1790805171	ACC	-0.062698156	-0.09442133	9.816751
1790805176	ACC	-0.078335285	-0.10631752	9.8298435
1790805181	ACC	-0.05686229	-0.10392332	9.829919
1790805186	ACC	-0.06748656	-0.08843583	9.820342
1790805191	ACC	-0.07234978	-0.09801263	9.82745
1790805196	ACC	-0.06995558	-0.10272621	9.832238
1790805201	ACC	-0.07466917	-0.08604162	9.813159
1790805206	ACC	-0.063970074	-0.09801263	9.822736
1790805211	ACC	-0.07586627	-0.08484452	9.819145
1790805216	ACC	-0.07107786	-0.09554361	9.814431
1790805221	ACC	-0.05918167	-0.09546879	9.832388
1790805226	ACC	-0.07227496	-0.100257196	9.818023
1790805231	ACC	-0.054468088	-0.09075521	9.831191
1790805237	ACC	-0.062772974	-0.097862996	9.8276
1790805242	ACC	-0.07466917	-0.0871639	9.813234
1790805247	ACC	-0.07706337	-0.08955811	9.815628
1790805252	ACC	-0.07706337	-0.09075521	9.81922
1790805257	ACC	-0.079457566	-0.08836101	9.823934
1790805262	ACC	-0.07466917	-0.09075521	9.816826
1790805267	ACC	-0.065092355	-0.101454295	9.81922
1790805272	ACC	-0.060378775	-0.08836101	9.826403
1790805277	ACC	-0.05925649	-0.09546879	9.838373
1790805282	ACC	-0.078335285	-0.09187749	9.838299
1790805287	ACC	-0.062698156	-0.0799813	9.81922
1790805292	ACC	-0.062698156	-0.09434651	9.813309
1790805297	ACC	-0.065092355	-0.09651626	9.820566
1790805302	ACC	-0.063970074	-0.09891046	9.826552
1790805307	ACC	-0.08065467	-0.09172785	9.824083
1790805312	ACC	-0.06756138	-0.09771336	9.836129
1790805317	ACC	-0.06636428	-0.08574235	9.8337345
1790805322	ACC	-0.060453594	-0.09891046	9.836129
1790805327	ACC	-0.05918167	-0.11200375	9.826552
1790805332	ACC	-0.08065467	-0.09531915	9.819295
1790805337	ACC	-0.07234978	-0.09531915	9.831265
1790805342	ACC	-0.06748656	-0.09771336	9.819369
1790805347	ACC	-0.063970074	-0.09292495	9.826552
1790805353	ACC	-0.07466917	-0.10130466	9.820566
1790805358	ACC	-0.07227496	-0.088136554	9.819369
1790805363	ACC	-0.06988076	-0.09531915	9.813384
1790805368	ACC	-0.07347207	-0.09292495	9.814581
1790805373	ACC	-0.07347207	-0.103698865	9.821764
1790805378	ACC	-0.074743986	-0.093972415	9.846903
1790805383	ACC	-0.06516718	-0.09876082	9.836204
1790805388	ACC	-0.08417115	-0.08215105	9.809867
1790805393	ACC	-0.063895255	-0.08447043	9.819519
1790805398	ACC	-0.06868366	-0.10003274	9.811139
1790805403	ACC	-0.06628946	-0.09763854	9.819444
1790805408	ACC	-0.07227496	-0.10354923	9.826627
1790805413	ACC	-0.063970074	-0.091653034	9.827824
1790805418	ACC	-0.07586627	-0.090455934	9.823035
1790805423	ACC	-0.07107786	-0.08566753	9.821838
1790805428	ACC	-0.061575875	-0.10115502	9.82543
1790805433	ACC	-0.07347207	-0.08087913	9.819444
1790805438	ACC	-0.07586627	-0.090455934	9.823035
1790805443	ACC	-0.074743986	-0.08447043	9.834931
1790805448	ACC	-0.063970074	-0.08087913	9.829021
1790805453	ACC	-0.063970074	-0.091653034	9.83381
1790805458	ACC	-0.06988076	-0.09307459	9.814507
1790805463	ACC	-0.06756138	-0.09778818	9.837176
1790805469	ACC	-0.06988076	-0.082300685	9.821689
1790805474	ACC	-0.062772974	-0.10968436	9.830069
1790805479	ACC	-0.07466917	-0.09659108	9.821689
1790805484	ACC	-0.07354689	-0.09898528	9.83957
1790805489	ACC	-0.07227496	-0.08940847	9.826477
1790805494	ACC	-0.07107786	-0.09778818	9.818097
1790805499	ACC	-0.06875848	-0.09778818	9.828872
1790805504	ACC	-0.06628946	-0.10736498	9.806201
1790805509	ACC	-0.059106853	-0.09659108	9.815778
1790805514	ACC	-0.07347207	-0.09180267	9.820492
1790805519	ACC	-0.06748656	-0.09427169	9.813309
1790805524	ACC	-0.08065467	-0.10137948	9.81922
1790805529	ACC	-0.06516718	-0.084694885	9.830069
1790805534	ACC	-0.062772974	-0.09539397	9.827674
1790805539	ACC	-0.07826047	-0.0962918	9.824307
1790805544	ACC	-0.07466917	-0.095094696	9.826701
1790805549	ACC	-0.07466917	-0.08678981	9.819519
1790805554	ACC	-0.065092355	-0.08678981	9.820716
1790805559	ACC	-0.08424597	-0.0974889	9.82543
1790805564	ACC	-0.07107786	-0.08798691	9.824307
1790805569	ACC	-0.061501056	-0.092775315	9.819593
1790805574	ACC	-0.065092355	-0.090381116	9.823111
1790805580	ACC	-0.07220014	-0.08678981	9.807623
1790805585	ACC	-0.06988076	-0.090381116	9.814731
1790805590	ACC	-0.06748656	-0.08678981	9.825504
1790805595	ACC	-0.056712653	-0.0974889	9.814805
1790805600	ACC	-0.05918167	-0.0974889	9.821988
1790805605	ACC	-0.07706337	-0.08678981	9.819519
1790805610	ACC	-0.062772974	-0.095094696	9.825504
1790805615	ACC	-0.06516718	-0.098686	9.825504
1790805620	ACC	-0.061575875	-0.085817166	9.831265
1790805625	ACC	-0.07706337	-0.09898528	9.8276
1790805630	ACC	-0.07107786	-0.08940847	9.826477
1790805635	ACC	-0.06516718	-0.10377368	9.821689
1790805640	ACC	-0.07706337	-0.10377368	9.824008
1790805645	ACC	-0.08656535	-0.083497785	9.809718
1790805650	ACC	-0.065092355	-0.09539397	9.821689
1790805655	ACC	-0.08417115	-0.09539397	9.81922
1790805660	ACC	-0.077138186	-0.087014265	9.834782
1790805665	ACC	-0.05918167	-0.08828619	9.821764
1790805670	ACC	-0.06516718	-0.09419687	9.83366
1790805675	ACC	-0.075941086	-0.09659108	9.831191
1790805680	ACC	-0.06980594	-0.09068039	9.806201
1790805685	ACC	-0.061575875	-0.10137948	9.826477
1790805690	ACC	-0.061575875	-0.10377368	9.82528
1790805695	ACC	-0.07347207	-0.09060557	9.820492
1790805701	ACC	-0.06995558	-0.08970775	9.834558
1790805706	ACC	-0.07107786	-0.09210195	9.823858
1790805711	ACC	-0.060378775	-0.08379706	9.821465
1790805716	ACC	-0.060303956	-0.08738836	9.815554
1790805721	ACC	-0.06636428	-0.09928455	9.828647
1790805726	ACC	-0.06516718	-0.08970775	9.838149
1790805731	ACC	-0.061575875	-0.09808745	9.82745
1790805736	ACC	-0.07706337	-0.10167875	9.824981
1790805741	ACC	-0.07107786	-0.10048165	9.815478
1790805746	ACC	-0.07826047	-0.095693246	9.826178
1790805751	ACC	-0.06636428	-0.09090485	9.828647
1790805756	ACC	-0.08185177	-0.08611644	9.822587
1790805761	ACC	-0.063970074	-0.093299046	9.831041
1790805766	ACC	-0.0700304	-0.08851065	9.842937
1790805771	ACC	-0.07107786	-0.08499416	9.816676
1790805776	ACC	-0.06868366	-0.095693246	9.820267
1790805781	ACC	-0.06875848	-0.08611644	9.829769
1790805786	ACC	-0.060378775	-0.09928455	9.815554
1790805791	ACC	-0.06636428	-0.08611644	9.82745
1790805796	ACC	-0.062772974	-0.09689035	9.8298435
1790805801	ACC	-0.06516718	-0.094496146	9.820267
1790805806	ACC	-0.07107786	-0.09928455	9.820267
1790805812	ACC	-0.065092355	-0.09292495	9.807473
1790805817	ACC	-0.05918167	-0.09891046	9.819444
1790805822	ACC	-0.06756138	-0.09771336	9.827749
1790805827	ACC	-0.079457566	-0.10130466	9.827674
1790805832	ACC	-0.061575875	-0.09292495	9.8206415
1790805837	ACC	-0.07107786	-0.10130466	9.825355
1790805842	ACC	-0.07354689	-0.103624046	9.831265
1790805847	ACC	-0.061501056	-0.08933365	9.819444
1790805852	ACC	-0.06748656	-0.088136554	9.814581
1790805857	ACC	-0.06988076	-0.09771336	9.819369
1790805862	ACC	-0.055590373	-0.10130466	9.831341
1790805867	ACC	-0.08185177	-0.08933365	9.821689
1790805872	ACC	-0.07115268	-0.09292495	9.832462
1790805877	ACC	-0.07706337	-0.109609544	9.821764
1790805882	ACC	-0.061501056	-0.09292495	9.815853
1790805887	ACC	-0.06988076	-0.08933365	9.814581
1790805892	ACC	-0.07826047	-0.093897596	9.827824
1790805897	ACC	-0.0664391	-0.0998831	9.843387
1790805902	ACC	-0.07354689	-0.0998831	9.830293
1790805907	ACC	-0.07466917	-0.0962918	9.820716
1790805912	ACC	-0.062698156	-0.09636662	9.812411
1790805917	ACC	-0.07107786	-0.092775315	9.814731
1790805922	ACC	-0.06628946	-0.08200141	9.826701
1790805927	ACC	-0.065092355	-0.0962918	9.8172
1790805933	ACC	-0.05312135	-0.093972415	9.814805
1790805938	ACC	-0.07818565	-0.089184016	9.805154
1790805943	ACC	-0.07466917	-0.093897596	9.821913
1790805948	ACC	-0.062698156	-0.092775315	9.805228
1790805953	ACC	-0.056787472	-0.091578215	9.820791
1790805958	ACC	-0.06628946	-0.090381116	9.823111
1790805963	ACC	-0.07227496	-0.0974889	9.825504
1790805968	ACC	-0.065092355	-0.1010802	9.821913
1790805973	ACC	-0.06988076	-0.09771336	9.818172
1790805978	ACC	-0.061501056	-0.085817166	9.807473
1790805983	ACC	-0.055590373	-0.09412205	9.831341
1790805988	ACC	-0.07826047	-0.09292495	9.826477
1790805993	ACC	-0.06868366	-0.10130466	9.813384
1790805998	ACC	-0.06636428	-0.08454525	9.826552
1790806003	ACC	-0.062772974	-0.08454525	9.822961
1790806008	ACC	-0.07466917	-0.09891046	9.827674
1790806013	ACC	-0.06756138	-0.103624046	9.836129
1790806018	ACC	-0.07826047	-0.09891046	9.816976
1790806023	ACC	-0.07107786	-0.09531915	9.821764
1790806028	ACC	-0.06636428	-0.09172785	9.825355
1790806033	ACC	-0.07466917	-0.09651626	9.818172
1790806038	ACC	-0.07706337	-0.08933365	9.816976
1790806044	ACC	-0.06516718	-0.09412205	9.822961
1790806049	ACC	-0.06875848	-0.08334815	9.830143
1790806054	ACC	-0.08424597	-0.09778818	9.824008
1790806059	ACC	-0.08065467	-0.09659108	9.829993
1790806064	ACC	-0.062772974	-0.09419687	9.828872
1790806069	ACC	-0.07347207	-0.09068039	9.815703
1790806074	ACC	-0.07107786	-0.09068039	9.815703
1790806079	ACC	-0.062772974	-0.09539397	9.830069
1790806084	ACC	-0.07227496	-0.10137948	9.82528
1790806089	ACC	-0.05327099	-0.10497078	9.83366
1790806094	ACC	-0.06756138	-0.09419687	9.828872
1790806099	ACC	-0.07107786	-0.085891984	9.8228855
1790806104	ACC	-0.07339725	-0.085891984	9.810915
1790806109	ACC	-0.060303956	-0.11095628	9.813384
1790806114	ACC	-0.07234978	-0.09299977	9.833585
1790806119	ACC	-0.06636428	-0.08940847	9.82528
1790806124	ACC	-0.07115268	-0.10377368	9.82528
1790806129	ACC	-0.06875848	-0.09060557	9.826477
1790806134	ACC	-0.065092355	-0.09195231	9.813309
1790806139	ACC	-0.07234978	-0.09307459	9.828722
1790806144	ACC	-0.07347207	-0.097862996	9.822811
1790806149	ACC	-0.06748656	-0.1050456	9.815628
1790806155	ACC	-0.06988076	-0.09075521	9.824008
1790806160	ACC	-0.07227496	-0.09195231	9.81922
1790806165	ACC	-0.06875848	-0.09427169	9.829993
1790806170	ACC	-0.07107786	-0.099134915	9.809643
1790806175	ACC	-0.06741174	-0.0871639	9.80493
1790806180	ACC	-0.06868366	-0.1038485	9.821614
1790806185	ACC	-0.08185177	-0.101454295	9.822736
1790806190	ACC	-0.063970074	-0.099060096	9.831191
1790806195	ACC	-0.061575875	-0.09075521	9.820416
1790806200	ACC	-0.059106853	-0.09314941	9.812112
1790806205	ACC	-0.06516718	-0.099060096	9.829993
1790806210	ACC	-0.07227496	-0.08836101	9.816826
1790806215	ACC	-0.06748656	-0.09060557	9.820492
1790806220	ACC	-0.06756138	-0.09299977	9.832462
1790806225	ACC	-0.062698156	-0.08948329	9.818097
1790806230	ACC	-0.062772974	-0.10018238	9.827674
1790806235	ACC	-0.062772974	-0.082300685	9.824083
1790806240	ACC	-0.057984572	-0.085891984	9.818172
1790806245	ACC	-0.07227496	-0.09419687	9.827674
1790806250	ACC	-0.057984572	-0.102576576	9.824158
1790806255	ACC	-0.063970074	-0.09898528	9.830069
1790806260	ACC	-0.06516718	-0.09299977	9.8228855
1790806265	ACC	-0.06988076	-0.09419687	9.821689
1790806271	ACC	-0.06988076	-0.085891984	9.8228855
1790806276	ACC	-0.062698156	-0.09060557	9.820492
1790806281	ACC	-0.062772974	-0.10018238	9.83366
1790806286	ACC	-0.05686229	-0.09180267	9.83366
1790806291	ACC	-0.061575875	-0.09659108	9.819369
1790806296	ACC	-0.055590373	-0.10100538	9.820866
1790806301	ACC	-0.05918167	-0.09262568	9.8220625
1790806306	ACC	-0.08185177	-0.08664017	9.827899
1790806311	ACC	-0.06875848	-0.09382278	9.82917
1790806316	ACC	-0.07347207	-0.09023148	9.820791
1790806321	ACC	-0.07466917	-0.08551789	9.823185
1790806326	ACC	-0.07227496	-0.09262568	9.827973
1790806331	ACC	-0.05918167	-0.08903438	9.826851
1790806336	ACC	-0.062772974	-0.09861118	9.8267765
1790806341	ACC	-0.07706337	-0.10100538	9.824382
1790806346	ACC	-0.062772974	-0.09861118	9.8267765
1790806351	ACC	-0.063970074	-0.09142858	9.82917
1790806356	ACC	-0.057984572	-0.09501988	9.830442
1790806361	ACC	-0.061575875	-0.08544307	9.831565
1790806366	ACC	-0.056787472	-0.09023148	9.825654
1790806371	ACC	-0.05431845	-0.097414084	9.8089695
1790806376	ACC	-0.07466917	-0.09404723	9.818247
1790806381	ACC	-0.06516718	-0.09644144	9.82543
1790806387	ACC	-0.079457566	-0.089258835	9.828946
1790806392	ACC	-0.062772974	-0.089258835	9.826627
1790806397	ACC	-0.06868366	-0.09883564	9.819444
1790806402	ACC	-0.063895255	-0.089258835	9.811139
1790806407	ACC	-0.060378775	-0.09524433	9.823111
1790806412	ACC	-0.05918167	-0.090455934	9.821913
1790806417	ACC	-0.06875848	-0.09524433	9.829021
1790806422	ACC	-0.06988076	-0.09524433	9.82543
1790806427	ACC	-0.063970074	-0.090455934	9.83381
1790806432	ACC	-0.07107786	-0.08806173	9.821838
1790806437	ACC	-0.07466917	-0.08447043	9.81705
1790806442	ACC	-0.06988076	-0.092850134	9.82543
1790806447	ACC	-0.060378775	-0.09876082	9.830218
1790806452	ACC	-0.06988076	-0.09644144	9.819444
1790806457	ACC	-0.07466917	-0.08327333	9.821838
1790806462	ACC	-0.06636428	-0.08686463	9.827824
1790806467	ACC	-0.05918167	-0.10115502	9.825504
1790806472	ACC	-0.062772974	-0.08806173	9.823035
1790806477	ACC	-0.07586627	-0.08686463	9.821838
1790806482	ACC	-0.07466917	-0.092850134	9.819444
1790806487	ACC	-0.065092355	-0.092850134	9.819444
1790806492	ACC	-0.08304887	-0.09995792	9.825355
1790806497	ACC	-0.06756138	-0.091653034	9.829021
1790806503	ACC	-0.06628946	-0.089258835	9.824233
1790806508	ACC	-0.061575875	-0.09404723	9.832612
1790806513	ACC	-0.07354689	-0.095169514	9.837326
1790806518	ACC	-0.06756138	-0.108337626	9.832612
1790806523	ACC	-0.055590373	-0.09404723	9.826701
1790806528	ACC	-0.061575875	-0.090455934	9.823035
1790806533	ACC	-0.06868366	-0.09644144	9.823035
1790806538	ACC	-0.06636428	-0.09172785	9.831341
1790806543	ACC	-0.06636428	-0.09531915	9.834931
1790806548	ACC	-0.07466917	-0.09891046	9.818172
1790806553	ACC	-0.06875848	-0.10250176	9.826552
1790806558	ACC	-0.06516718	-0.10010756	9.827749
1790806563	ACC	-0.07234978	-0.09651626	9.83366
1790806568	ACC	-0.062698156	-0.10848726	9.814655
1790806573	ACC	-0.074743986	-0.09771336	9.832462
1790806578	ACC	-0.062772974	-0.09651626	9.821764
1790806583	ACC	-0.062698156	-0.09292495	9.80867
1790806588	ACC	-0.06868366	-0.09053075	9.809867
1790806593	ACC	-0.07466917	-0.09412205	9.825355
1790806598	ACC	-0.06875848	-0.09651626	9.825355
1790806603	ACC	-0.07466917	-0.10848726	9.819369
1790806608	ACC	-0.048482586	-0.103624046	9.836204
1790806613	ACC	-0.07115268	-0.10003274	9.834857
1790806619	ACC	-0.07466917	-0.09861118	9.824382
1790806624	ACC	-0.06628946	-0.10100538	9.818472
1790806629	ACC	-0.06636428	-0.09023148	9.833959
1790806634	ACC	-0.07107786	-0.09382278	9.823185
1790806639	ACC	-0.06501754	-0.0927005	9.807697
1790806644	ACC	-0.06988076	-0.09501988	9.816003
1790806649	ACC	-0.06748656	-0.096216984	9.823185
1790806654	ACC	-0.07227496	-0.08783727	9.82917
1790806659	ACC	-0.07347207	-0.08072949	9.819593
1790806664	ACC	-0.06748656	-0.09262568	9.819593
1790806669	ACC	-0.06988076	-0.10100538	9.824382
1790806674	ACC	-0.063895255	-0.09262568	9.820866
1790806679	ACC	-0.07826047	-0.08783727	9.827899
1790806684	ACC	-0.06748656	-0.097414084	9.816077
1790806689	ACC	-0.05199907	-0.097414084	9.829246
1790806694	ACC	-0.05551555	-0.08312369	9.817274
1790806699	ACC	-0.061575875	-0.09292495	9.824158
1790806704	ACC	-0.07818565	-0.084620066	9.808596
1790806709	ACC	-0.062772974	-0.09053075	9.821764
1790806714	ACC	-0.07107786	-0.08454525	9.828946
1790806719	ACC	-0.07706337	-0.104895964	9.818172
1790806724	ACC	-0.061575875	-0.09531915	9.821764
1790806729	ACC	-0.07466917	-0.08454525	9.825355
1790806735	ACC	-0.07698855	-0.08933365	9.814581
1790806740	ACC	-0.061501056	-0.09531915	9.81705
1790806745	ACC	-0.08072949	-0.10003274	9.837251
1790806750	ACC	-0.06988076	-0.09412205	9.816976
1790806755	ACC	-0.054468088	-0.08933365	9.838523
1790806760	ACC	-0.056787472	-0.09412205	9.831341
1790806765	ACC	-0.06995558	-0.09053075	9.828946
1790806770	ACC	-0.05918167	-0.09891046	9.825355
1790806775	ACC	-0.06756138	-0.09412205	9.827749
1790806780	ACC	-0.06868366	-0.09644144	9.818247
1790806785	ACC	-0.062772974	-0.10115502	9.83381
1790806790	ACC	-0.061501056	-0.10003274	9.817124
1790806795	ACC	-0.07818565	-0.09883564	9.814655
1790806800	ACC	-0.07347207	-0.090455934	9.824233
1790806805	ACC	-0.0664391	-0.095169514	9.845706
1790806810	ACC	-0.07826047	-0.08566753	9.831341
1790806815	ACC	-0.07227496	-0.09644144	9.82543
1790806820	ACC	-0.060378775	-0.10354923	9.820716
1790806825	ACC	-0.061575875	-0.09883564	9.823111
1790806830	ACC	-0.055590373	-0.09524433	9.829096
1790806835	ACC	-0.063895255	-0.090455934	9.814731
1790806840	ACC	-0.065092355	-0.09404723	9.812336
1790806845	ACC	-0.07826047	-0.10242694	9.818247
1790806851	ACC	-0.07347207	-0.092850134	9.81705
1790806856	ACC	-0.065092355	-0.08327333	9.809942
1790806861	ACC	-0.07227496	-0.09172785	9.813384
1790806866	ACC	-0.08065467	-0.10130466	9.82528
1790806871	ACC	-0.08065467	-0.09172785	9.828872
1790806876	ACC	-0.074743986	-0.103624046	9.832462
1790806881	ACC	-0.07107786	-0.088136554	9.820566
1790806886	ACC	-0.06868366	-0.09771336	9.809867
1790806891	ACC	-0.07107786	-0.09531915	9.825355
1790806896	ACC	-0.061575875	-0.09531915	9.824158
1790806901	ACC	-0.060378775	-0.09292495	9.828946
1790806906	ACC	-0.065092355	-0.08574235	9.824158
1790806911	ACC	-0.07586627	-0.103698865	9.822961
1790806916	ACC	-0.07466917	-0.09172785	9.825355
1790806921	ACC	-0.07339725	-0.08222587	9.810989
1790806926	ACC	-0.07826047	-0.09292495	9.816976
1790806931	ACC	-0.06516718	-0.09292495	9.827749
1790806936	ACC	-0.06868366	-0.07983166	9.818172
1790806941	ACC	-0.06988076	-0.084096335	9.824532
1790806946	ACC	-0.07107786	-0.09599253	9.830518
1790806951	ACC	-0.061575875	-0.09127894	9.827001
1790806956	ACC	-0.07818565	-0.100855745	9.813758
1790806962	ACC	-0.06621464	-0.07930793	9.811439
1790806967	ACC	-0.06636428	-0.086490534	9.838897
1790806972	ACC	-0.08065467	-0.09726445	9.820941
1790806977	ACC	-0.06748656	-0.09487024	9.822138
1790806982	ACC	-0.07100304	-0.09726445	9.80665
1790806987	ACC	-0.055590373	-0.07811083	9.822212
1790806992	ACC	-0.07347207	-0.09008184	9.82932
1790806997	ACC	-0.057984572	-0.09367314	9.821015
1790807002	ACC	-0.065092355	-0.09127894	9.81503
1790807007	ACC	-0.07107786	-0.09008184	9.816227
1790807012	ACC	-0.06516718	-0.09127894	9.826926
1790807017	ACC	-0.06628946	-0.09008184	9.822212
1790807022	ACC	-0.06756138	-0.09412205	9.8337345
1790807027	ACC	-0.060378775	-0.08933365	9.825355
1790807032	ACC	-0.08424597	-0.09651626	9.827674
1790807037	ACC	-0.062698156	-0.09292495	9.815853
1790807042	ACC	-0.07466917	-0.08933365	9.828872
1790807047	ACC	-0.061575875	-0.09172785	9.825355
1790807052	ACC	-0.06628946	-0.09053075	9.815778
1790807057	ACC	-0.07347207	-0.09292495	9.827749
1790807062	ACC	-0.06988076	-0.09412205	9.816976
1790807067	ACC	-0.06636428	-0.10130466	9.822961
1790807072	ACC	-0.07107786	-0.09292495	9.818172
1790807077	ACC	-0.062772974	-0.09053075	9.832538
1790807083	ACC	-0.07227496	-0.09531915	9.814581
1790807088	ACC	-0.07586627	-0.09771336	9.815778
1790807093	ACC	-0.07115268	-0.09531915	9.828946
1790807098	ACC	-0.05319617	-0.09412205	9.830218
1790807103	ACC	-0.05327099	-0.104821146	9.830218
1790807108	ACC	-0.05319617	-0.106018245	9.826627
1790807113	ACC	-0.06868366	-0.09531915	9.819369
1790807118	ACC	-0.062698156	-0.09172785	9.811065
1790807123	ACC	-0.08065467	-0.09172785	9.821689
1790807128	ACC	-0.08536825	-0.09651626	9.814507
1790807133	ACC	-0.06262334	-0.08821137	9.802685
1790807138	ACC	-0.057984572	-0.09771336	9.82543
1790807143	ACC	-0.063895255	-0.09292495	9.815853
1790807148	ACC	-0.07706337	-0.09172785	9.816976
1790807153	ACC	-0.07698855	-0.09891046	9.810989
1790807158	ACC	-0.07227496	-0.09412205	9.825355
1790807163	ACC	-0.059106853	-0.09053075	9.814655
1790807168	ACC	-0.063895255	-0.08454525	9.820566
1790807173	ACC	-0.05918167	-0.08933365	9.8337345
1790807178	ACC	-0.06875848	-0.09891046	9.827749
1790807183	ACC	-0.07706337	-0.106093064	9.814581
1790807188	ACC	-0.07115268	-0.08933365	9.832462
1790807194	ACC	-0.062772974	-0.09292495	9.824158
1790807199	ACC	-0.07234978	-0.10010756	9.830143
1790807204	ACC	-0.07706337	-0.09172785	9.820566
1790807209	ACC	-0.065092355	-0.09651626	9.814655
1790807214	ACC	-0.063970074	-0.09053075	9.831341
1790807219	ACC	-0.06875848	-0.09053075	9.836054
1790807224	ACC	-0.07466917	-0.09292495	9.827674
1790807229	ACC	-0.06868366	-0.09172785	9.820566
1790807234	ACC	-0.05918167	-0.09412205	9.830143
1790807239	ACC	-0.063970074	-0.09172785	9.825355
1790807244	ACC	-0.081776954	-0.09531915	9.814581
1790807249	ACC	-0.062772974	-0.09651626	9.825355
1790807254	ACC	-0.07347207	-0.088136554	9.815778
1790807259	ACC	-0.07826047	-0.10010756	9.8228855
1790807264	ACC	-0.06628946	-0.08671499	9.810092
1790807269	ACC	-0.06516718	-0.09861118	9.82917
1790807274	ACC	-0.05918167	-0.09980828	9.82917
1790807279	ACC	-0.06628946	-0.08783727	9.820791
1790807284	ACC	-0.07234978	-0.09262568	9.832762
1790807289	ACC	-0.065092355	-0.09980828	9.823185
1790807294	ACC	-0.061575875	-0.08424597	9.835156
1790807299	ACC	-0.06756138	-0.10100538	9.830368
1790807304	ACC	-0.060378775	-0.09262568	9.838747
1790807310	ACC	-0.062698156	-0.09023148	9.817274
1790807315	ACC	-0.065092355	-0.09262568	9.817274
1790807320	ACC	-0.057909753	-0.10100538	9.81488
1790807325	ACC	-0.07347207	-0.10100538	9.820791
1790807330	ACC	-0.06516718	-0.08664017	9.827973
1790807335	ACC	-0.065092355	-0.08903438	9.820866
1790807340	ACC	-0.047210664	-0.09861118	9.818546
1790807345	ACC	-0.06636428	-0.0915034	9.829096
1790807350	ACC	-0.07466917	-0.098686	9.814731
1790807355	ACC	-0.057909753	-0.092775315	9.816003
1790807360	ACC	-0.062772974	-0.093897596	9.824307
1790807365	ACC	-0.07579145	-0.10235212	9.804031
1790807370	ACC	-0.07347207	-0.1022773	9.825504
1790807375	ACC	-0.06748656	-0.1022773	9.814805
1790807380	ACC	-0.08536825	-0.08678981	9.823035
1790807385	ACC	-0.07826047	-0.10706571	9.821913
1790807390	ACC	-0.07586627	-0.095169514	9.817124
1790807395	ACC	-0.06748656	-0.1022773	9.823111
1790807400	ACC	-0.061575875	-0.0903063	9.835081
1790807405	ACC	-0.059106853	-0.090381116	9.816003
1790807410	ACC	-0.06868366	-0.095094696	9.823111
1790807415	ACC	-0.07347207	-0.089184016	9.824307
1790807420	ACC	-0.07107786	-0.090381116	9.818322
1790807426	ACC	-0.07459435	-0.095169514	9.812336
1790807431	ACC	-0.060378775	-0.0915034	9.827899
1790807436	ACC	-0.060378775	-0.1010802	9.829096
1790807441	ACC	-0.07347207	-0.08319851	9.817124
1790807446	ACC	-0.07100304	-0.09876082	9.806426
1790807451	ACC	-0.07107786	-0.10347441	9.821913
1790807456	ACC	-0.07339725	-0.093972415	9.811139
1790807461	ACC	-0.07227496	-0.092775315	9.819519
1790807466	ACC	-0.06995558	-0.0974889	9.829096
1790807471	ACC	-0.06628946	-0.095169514	9.816003
1790807476	ACC	-0.06988076	-0.10706571	9.821913
1790807481	ACC	-0.07339725	-0.089184016	9.813534
1790807486	ACC	-0.06988076	-0.1022773	9.821913
1790807491	ACC	-0.05918167	-0.089184016	9.824382
1790807496	ACC	-0.07115268	-0.10706571	9.836204
1790807501	ACC	-0.06516718	-0.089184016	9.827899
1790807506	ACC	-0.07347207	-0.08776245	9.830442
1790807511	ACC	-0.06988076	-0.09015666	9.82326
1790807516	ACC	-0.06988076	-0.08895956	9.829246
1790807521	ACC	-0.062698156	-0.100930564	9.813758
1790807526	ACC	-0.065092355	-0.100930564	9.818546
1790807531	ACC	-0.063895255	-0.09374796	9.820941
1790807536	ACC	-0.062698156	-0.098536365	9.814955
1790807541	ACC	-0.06988076	-0.09135376	9.828049
1790807547	ACC	-0.07227496	-0.09374796	9.819669
1790807552	ACC	-0.06516718	-0.099658646	9.8376255
1790807557	ACC	-0.05918167	-0.08776245	9.823335
1790807562	ACC	-0.07938275	-0.097339265	9.818472
1790807567	ACC	-0.06748656	-0.08417115	9.820866
1790807572	ACC	-0.06868366	-0.096142165	9.816153
1790807577	ACC	-0.06868366	-0.099733464	9.82326
1790807582	ACC	-0.06748656	-0.09015666	9.82326
1790807587	ACC	-0.07347207	-0.089258835	9.82543
1790807592	ACC	-0.07466917	-0.108337626	9.82543
1790807597	ACC	-0.06636428	-0.09756372	9.835007
1790807602	ACC	-0.07107786	-0.08686463	9.823035
1790807607	ACC	-0.06628946	-0.089258835	9.818247
1790807612	ACC	-0.07347207	-0.089258835	9.821838
1790807617	ACC	-0.07706337	-0.09644144	9.82543
1790807622	ACC	-0.065092355	-0.08447043	9.8206415
1790807627	ACC	-0.061501056	-0.10003274	9.812336
1790807632	ACC	-0.07586627	-0.090455934	9.82543
1790807637	ACC	-0.06868366	-0.09763854	9.809942
1790807642	ACC	-0.06875848	-0.095169514	9.842114
1790807647	ACC	-0.082974054	-0.10003274	9.815853
1790807652	ACC	-0.06748656	-0.09524433	9.81705
1790807658	ACC	-0.06995558	-0.091653034	9.832612
1790807663	ACC	-0.06756138	-0.09644144	9.826627
1790807668	ACC	-0.06748656	-0.091653034	9.823035
1790807673	ACC	-0.074743986	-0.10474633	9.836129
1790807678	ACC	-0.06636428	-0.09876082	9.830218
1790807683	ACC	-0.065092355	-0.09524433	9.818322
1790807688	ACC	-0.062772974	-0.090455934	9.8374
1790807693	ACC	-0.061575875	-0.09524433	9.827824
1790807698	ACC	-0.063970074	-0.09524433	9.829021
1790807703	ACC	-0.08664017	-0.08806173	9.827749
1790807708	ACC	-0.063895255	-0.09524433	9.818322
1790807713	ACC	-0.06868366	-0.107140526	9.818247
1790807718	ACC	-0.06628946	-0.092850134	9.807548
1790807723	ACC	-0.060303956	-0.07736264	9.814731
1790807728	ACC	-0.07826047	-0.092850134	9.819444
1790807733	ACC	-0.079457566	-0.09404723	9.818247
1790807738	ACC	-0.06988076	-0.10594343	9.819444
1790807743	ACC	-0.07347207	-0.09524433	9.823035
1790807748	ACC	-0.07459435	-0.095169514	9.809942
1790807753	ACC	-0.062698156	-0.08319851	9.821988
1790807758	ACC	-0.07115268	-0.095094696	9.83149
1790807763	ACC	-0.06636428	-0.0974889	9.830293
1790807769	ACC	-0.061575875	-0.08559271	9.823185
1790807774	ACC	-0.06756138	-0.0974889	9.825504
1790807779	ACC	-0.060378775	-0.092775315	9.821988
1790807784	ACC	-0.06756138	-0.0927005	9.827899
1790807789	ACC	-0.06628946	-0.093897596	9.824307
1790807794	ACC	-0.06875848	-0.08439561	9.830293
1790807799	ACC	-0.06756138	-0.08678981	9.829096
1790807804	ACC	-0.07227496	-0.1022773	9.819519
1790807809	ACC	-0.06748656	-0.08200141	9.824307
1790807814	ACC	-0.08417115	-0.10467151	9.807548
1790807819	ACC	-0.061501056	-0.091578215	9.813608
1790807824	ACC	-0.065092355	-0.09756372	9.813608
1790807829	ACC	-0.063970074	-0.091653034	9.83381
1790807834	ACC	-0.06516718	-0.10235212	9.83381
1790807839	ACC	-0.065092355	-0.092850134	9.8206415
1790807844	ACC	-0.06628946	-0.09524433	9.823035
1790807849	ACC	-0.05918167	-0.07728782	9.830218
1790807854	ACC	-0.07347207	-0.08566753	9.814655
1790807859	ACC	-0.06636428	-0.09756372	9.840918
1790807864	ACC	-0.07347207	-0.09756372	9.829021
1790807869	ACC	-0.05918167	-0.10594343	9.820716
1790807874	ACC	-0.07220014	-0.09644144	9.811065
1790807879	ACC	-0.05439327	-0.107140526	9.821913
1790807885	ACC	-0.060378775	-0.091653034	9.831415
1790807890	ACC	-0.06868366	-0.09404723	9.82543
1790807895	ACC	-0.056787472	-0.107140526	9.814731
1790807900	ACC	-0.07354689	-0.09636662	9.830218
1790807905	ACC	-0.06988076	-0.08806173	9.826627
1790807910	ACC	-0.07227496	-0.088136554	9.819369
1790807915	ACC	-0.07227496	-0.10010756	9.814581
1790807920	ACC	-0.06748656	-0.09412205	9.824158
1790807925	ACC	-0.063970074	-0.09412205	9.826552
1790807930	ACC	-0.08065467	-0.09053075	9.826477
1790807935	ACC	-0.07698855	-0.09053075	9.808596
1790807940	ACC	-0.061501056	-0.08342297	9.81705
1790807945	ACC	-0.063970074	-0.09053075	9.836129
1790807950	ACC	-0.06748656	-0.09292495	9.816976
1790807955	ACC	-0.08544307	-0.09651626	9.824083
1790807960	ACC	-0.079457566	-0.08933365	9.821689
1790807965	ACC	-0.07227496	-0.09531915	9.826552
1790807970	ACC	-0.06636428	-0.10010756	9.827749
1790807975	ACC	-0.06868366	-0.09771336	9.812187
1790807980	ACC	-0.06748656	-0.08933365	9.820566
1790807985	ACC	-0.08304887	-0.10250176	9.827674
1790807990	ACC	-0.06628946	-0.09023148	9.818472
1790807995	ACC	-0.06868366	-0.0891092	9.8136835
1790808001	ACC	-0.06868366	-0.09980828	9.816077
1790808006	ACC	-0.07586627	-0.09262568	9.820791
1790808011	ACC	-0.074743986	-0.09262568	9.836278
1790808016	ACC	-0.062772974	-0.09501988	9.836353
1790808021	ACC	-0.08417115	-0.077138186	9.818397
1790808026	ACC	-0.06980594	-0.09980828	9.805304
1790808031	ACC	-0.07826047	-0.10931027	9.827899
1790808036	ACC	-0.06756138	-0.09023148	9.833959
1790808041	ACC	-0.08536825	-0.096216984	9.819519
1790808046	ACC	-0.06628946	-0.10220248	9.823185
1790808051	ACC	-0.07586627	-0.08304887	9.832687
1790808056	ACC	-0.065092355	-0.10220248	9.818472
1790808061	ACC	-0.063895255	-0.0915034	9.812486
1790808066	ACC	-0.07115268	-0.10220248	9.82917
1790808071	ACC	-0.063970074	-0.09980828	9.824382
1790808076	ACC	-0.056787472	-0.09382278	9.82326
1790808081	ACC	-0.061575875	-0.09501988	9.8220625
1790808086	ACC	-0.062698156	-0.09382278	9.81488
1790808091	ACC	-0.07826047	-0.08903438	9.823185
1790808096	ACC	-0.06868366	-0.09382278	9.823185
1790808101	ACC	-0.06741174	-0.09980828	9.804107
1790808106	ACC	-0.07698855	-0.096216984	9.814805
1790808111	ACC	-0.06995558	-0.10220248	9.830368
1790808117	ACC	-0.07107786	-0.09501988	9.818397
1790808122	ACC	-0.06756138	-0.09501988	9.833959
1790808127	ACC	-0.06756138	-0.079532385	9.830368
1790808132	ACC	-0.062772974	-0.09382278	9.82326
1790808137	ACC	-0.06636428	-0.09501988	9.831565
1790808142	ACC	-0.063970074	-0.09023148	9.830368
1790808147	ACC	-0.062772974	-0.09382278	9.82917
1790808152	ACC	-0.062772974	-0.10115502	9.831415
1790808157	ACC	-0.05439327	-0.09883564	9.818322
1790808162	ACC	-0.07347207	-0.09404723	9.81705
1790808167	ACC	-0.049679685	-0.08686463	9.833884
1790808172	ACC	-0.062772974	-0.09756372	9.831415
1790808177	ACC	-0.062698156	-0.090455934	9.821838
1790808182	ACC	-0.07938275	-0.10003274	9.813458
1790808187	ACC	-0.07107786	-0.10354923	9.81705
1790808192	ACC	-0.062772974	-0.09995792	9.823035
1790808197	ACC	-0.063970074	-0.092775315	9.8374
1790808202	ACC	-0.07227496	-0.091653034	9.813458
1790808207	ACC	-0.06756138	-0.095169514	9.831415
1790808212	ACC	-0.07826047	-0.09524433	9.824158
1790808217	ACC	-0.084096335	-0.08693945	9.802685
1790808222	ACC	-0.0688333	-0.10586861	9.858873
1790808227	ACC	-0.06651392	-0.08559271	9.869573
1790808233	ACC	-0.082899235	-0.07975684	9.790789
1790808238	ACC	-0.080505036	-0.08933365	9.787197
1790808243	ACC	-0.048557404	-0.10235212	9.85416
1790808248	ACC	-0.0688333	-0.09756372	9.849297
1790808253	ACC	-0.065092355	-0.090455934	9.8159275
1790808258	ACC	-0.05192425	-0.107215345	9.8028345
1790808263	ACC	-0.061575875	-0.091653034	9.83381
1790808268	ACC	-0.057909753	-0.091653034	9.817124
1790808273	ACC	-0.05424363	-0.07975684	9.787272
1790808278	ACC	-0.057984572	-0.10354923	9.824307
1790808283	ACC	-0.06868366	-0.089258835	9.823035
1790808288	ACC	-0.07698855	-0.08327333	9.814655
1790808293	ACC	-0.06868366	-0.09404723	9.815853
1790808298	ACC	-0.06868366	-0.089258835	9.8206415
1790808303	ACC	-0.08185177	-0.08447043	9.822961
1790808308	ACC	-0.07347207	-0.09883564	9.821838
1790808313	ACC	-0.056787472	-0.096216984	9.831639
1790808318	ACC	-0.07466917	-0.09861118	9.827973
1790808323	ACC	-0.074743986	-0.09382278	9.835081
1790808328	ACC	-0.07706337	-0.09980828	9.823185
1790808333	ACC	-0.07586627	-0.097414084	9.818397
1790808338	ACC	-0.07706337	-0.08903438	9.818397
1790808343	ACC	-0.08536825	-0.096216984	9.818322
1790808349	ACC	-0.08065467	-0.08903438	9.824307
1790808354	ACC	-0.07107786	-0.09501988	9.824382
1790808359	ACC	-0.060378775	-0.09023148	9.838747
1790808364	ACC	-0.06868366	-0.09861118	9.81488
1790808369	ACC	-0.07107786	-0.08783727	9.8267765
1790808374	ACC	-0.05918167	-0.08304887	9.838747
1790808379	ACC	-0.059106853	-0.09501988	9.810092
1790808384	ACC	-0.06516718	-0.10100538	9.824382
1790808389	ACC	-0.048407767	-0.09262568	9.818546
1790808394	ACC	-0.04361936	-0.10003274	9.8172
1790808399	ACC	-0.056712653	-0.090455934	9.811139
1790808404	ACC	-0.059106853	-0.092850134	9.811139
1790808409	ACC	-0.059106853	-0.09404723	9.8159275
1790808414	ACC	-0.049604867	-0.09404723	9.824307
1790808419	ACC	-0.07107786	-0.09404723	9.813458
1790808424	ACC	-0.07107786	-0.08447043	9.818247
1790808429	ACC	-0.07586627	-0.09995792	9.826627
1790808434	ACC	-0.07347207	-0.091653034	9.826627
1790808439	ACC	-0.07818565	-0.07975684	9.811065
1790808444	ACC	-0.07938275	-0.10003274	9.809867
1790808449	ACC	-0.08544307	-0.10474633	9.832538
1790808454	ACC	-0.08065467	-0.09763854	9.826552
1790808459	ACC	-0.06868366	-0.09404723	9.8206415
1790808465	ACC	-0.07586627	-0.10354923	9.82543
1790808470	ACC	-0.06988076	-0.090455934	9.827824
1790808475	ACC	-0.08065467	-0.09292495	9.820492
1790808480	ACC	-0.05918167	-0.09053075	9.836129
1790808485	ACC	-0.06516718	-0.09172785	9.824158
1790808490	ACC	-0.06995558	-0.106018245	9.834857
1790808495	ACC	-0.056712653	-0.09172785	9.814655
1790808500	ACC	-0.05551555	-0.103698865	9.809867
1790808505	ACC	-0.04249708	-0.09531915	9.826627
1790808510	ACC	-0.04369418	-0.08574235	9.830218
1790808515	ACC	-0.07227496	-0.09412205	9.812187
1790808520	ACC	-0.06756138	-0.10010756	9.824158
1790808525	ACC	-0.06748656	-0.09292495	9.814581
1790808530	ACC	-0.07466917	-0.08095395	9.832462
1790808535	ACC	-0.06628946	-0.10130466	9.816976
1790808540	ACC	-0.062772974	-0.10250176	9.822961
1790808545	ACC	-0.06636428	-0.09651626	9.824158
1790808550	ACC	-0.08065467	-0.103698865	9.8228855
1790808555	ACC	-0.07347207	-0.09075521	9.824008
1790808560	ACC	-0.06995558	-0.08836101	9.835904
1790808565	ACC	-0.07227496	-0.097862996	9.826403
1790808570	ACC	-0.07339725	-0.09195231	9.808446
1790808576	ACC	-0.06988076	-0.097937815	9.815628
1790808581	ACC	-0.06868366	-0.09195231	9.81922
1790808586	ACC	-0.08065467	-0.09075521	9.831116
1790808591	ACC	-0.079457566	-0.100257196	9.823934
1790808596	ACC	-0.07466917	-0.0847697	9.820416
1790808601	ACC	-0.07466917	-0.083572604	9.827524
1790808606	ACC	-0.07347207	-0.09075521	9.820416
1790808611	ACC	-0.062698156	-0.09554361	9.818023
1790808616	ACC	-0.057909753	-0.10392332	9.801338
1790808621	ACC	-0.05327099	-0.09427169	9.845556
1790808626	ACC	-0.06516718	-0.0871639	9.826403
1790808631	ACC	-0.063970074	-0.1050456	9.825205
1790808636	ACC	-0.055590373	-0.09262568	9.825654
1790808641	ACC	-0.05918167	-0.09980828	9.8220625
1790808646	ACC	-0.056787472	-0.09262568	9.826851
1790808651	ACC	-0.060378775	-0.08664017	9.832762
1790808656	ACC	-0.07115268	-0.10220248	9.82917
1790808661	ACC	-0.062772974	-0.09501988	9.82558
1790808666	ACC	-0.07227496	-0.09501988	9.82558
1790808671	ACC	-0.063970074	-0.097414084	9.833959
1790808676	ACC	-0.05925649	-0.09262568	9.842339
1790808681	ACC	-0.06628946	-0.10100538	9.818472
1790808686	ACC	-0.06516718	-0.10459669	9.82917
1790808692	ACC	-0.061575875	-0.09980828	9.824457
1790808697	ACC	-0.06868366	-0.08903438	9.820791
1790808702	ACC	-0.07706337	-0.09382278	9.821988
1790808707	ACC	-0.06636428	-0.096216984	9.827973
1790808712	ACC	-0.07107786	-0.10339958	9.823185
1790808717	ACC	-0.08544307	-0.1010802	9.823035
1790808722	ACC	-0.065092355	-0.10826281	9.814805
1790808727	ACC	-0.074743986	-0.08319851	9.83381
1790808732	ACC	-0.06748656	-0.092775315	9.820716
1790808737	ACC	-0.07107786	-0.0974889	9.817124
1790808742	ACC	-0.057909753	-0.08798691	9.8172
1790808747	ACC	-0.07579145	-0.095169514	9.811139
1790808752	ACC	-0.05199907	-0.10706571	9.820791
1790808757	ACC	-0.063970074	-0.0998831	9.824307
1790808762	ACC	-0.065092355	-0.091578215	9.820716
1790808767	ACC	-0.065092355	-0.091578215	9.818397
1790808772	ACC	-0.060378775	-0.092775315	9.821988
1790808777	ACC	-0.061575875	-0.0915034	9.833884
1790808782	ACC	-0.050801966	-0.08319851	9.818397
1790808787	ACC	-0.06636428	-0.0915034	9.830293
1790808792	ACC	-0.081776954	-0.08678981	9.819519
1790808797	ACC	-0.060378775	-0.091653034	9.820716
1790808802	ACC	-0.056787472	-0.095169514	9.832612
1790808807	ACC	-0.07354689	-0.10235212	9.8337345
1790808813	ACC	-0.08791209	-0.09876082	9.842039
1790808818	ACC	-0.07826047	-0.09644144	9.824158
1790808823	ACC	-0.08065467	-0.091653034	9.8206415
1790808828	ACC	-0.06868366	-0.110731825	9.81705
1790808833	ACC	-0.079457566	-0.10354923	9.832538
1790808838	ACC	-0.061575875	-0.09404723	9.832612
1790808843	ACC	-0.07466917	-0.08806173	9.823035
1790808848	ACC	-0.07586627	-0.09644144	9.8206415
1790808853	ACC	-0.07466917	-0.103624046	9.812262
1790808858	ACC	-0.060378775	-0.089258835	9.823111
1790808863	ACC	-0.057984572	-0.09644144	9.825504
1790808868	ACC	-0.06988076	-0.092850134	9.821838
1790808873	ACC	-0.06621464	-0.10003274	9.799169
1790808878	ACC	-0.060378775	-0.089258835	9.823111
1790808883	ACC	-0.05312135	-0.09404723	9.810017
1790808888	ACC	-0.055590373	-0.09763854	9.820716
1790808893	ACC	-0.06988076	-0.090455934	9.8206415
1790808898	ACC	-0.06628946	-0.08207623	9.814731
1790808903	ACC	-0.061575875	-0.09876082	9.831415
1790808908	ACC	-0.06628946	-0.09404723	9.8206415
1790808913	ACC	-0.056712653	-0.09524433	9.804031
1790808918	ACC	-0.06868366	-0.09883564	9.814655
1790808924	ACC	-0.07586627	-0.09644144	9.828946
1790808929	ACC	-0.06756138	-0.10594343	9.830218
1790808934	ACC	-0.08424597	-0.089258835	9.828946
1790808939	ACC	-0.07706337	-0.10594343	9.821838
1790808944	ACC	-0.08185177	-0.10474633	9.820566
1790808949	ACC	-0.08065467	-0.09876082	9.825355
1790808954	ACC	-0.07466917	-0.09404723	9.814655
1790808959	ACC	-0.08417115	-0.09412205	9.819295
1790808964	ACC	-0.06988076	-0.08102877	9.821764
1790808969	ACC	-0.06995558	-0.08693945	9.839645
1790808974	ACC	-0.07347207	-0.084620066	9.814581
1790808979	ACC	-0.07107786	-0.09531915	9.815778
1790808984	ACC	-0.07586627	-0.09651626	9.824158
1790808989	ACC	-0.06756138	-0.09172785	9.826552
1790808994	ACC	-0.061575875	-0.09292495	9.825355
1790808999	ACC	-0.07586627	-0.10130466	9.818172
1790809004	ACC	-0.06875848	-0.09891046	9.827749
1790809009	ACC	-0.06875848	-0.10003274	9.834931
1790809014	ACC	-0.07466917	-0.08574235	9.824158
1790809019	ACC	-0.06636428	-0.103698865	9.825355
1790809024	ACC	-0.05439327	-0.09531915	9.819444
1790809029	ACC	-0.063895255	-0.10010756	9.818247
1790809034	ACC	-0.06756138	-0.09771336	9.830143
1790809040	ACC	-0.07466917	-0.097414084	9.820791
1790809045	ACC	-0.06262334	-0.095094696	9.805304
1790809050	ACC	-0.065092355	-0.10100538	9.818472
1790809055	ACC	-0.06748656	-0.08783727	9.823185
1790809060	ACC	-0.08544307	-0.10220248	9.824307
1790809065	ACC	-0.06516718	-0.096216984	9.82558
1790809070	ACC	-0.07698855	-0.09382278	9.813608
1790809075	ACC	-0.06741174	-0.08192659	9.811289
1790809080	ACC	-0.07339725	-0.08791209	9.814805
1790809085	ACC	-0.065092355	-0.09023148	9.823185
1790809090	ACC	-0.075941086	-0.09262568	9.837476
1790809095	ACC	-0.062698156	-0.09501988	9.8220625
1790809100	ACC	-0.07459435	-0.096216984	9.80882
1790809105	ACC	-0.07354689	-0.09861118	9.833884
1790809110	ACC	-0.06988076	-0.09501988	9.8172
1790809115	ACC	-0.065092355	-0.08072949	9.811289
1790809120	ACC	-0.06988076	-0.09524433	9.81705
1790809125	ACC	-0.065092355	-0.09644144	9.809942
1790809130	ACC	-0.05918167	-0.10354923	9.829021
1790809135	ACC	-0.07466917	-0.09644144	9.824233
1790809140	ACC	-0.07347207	-0.09883564	9.812262
1790809145	ACC	-0.063895255	-0.089258835	9.818322
1790809150	ACC	-0.06382044	-0.08693945	9.801562
1790809156	ACC	-0.07706337	-0.11192893	9.82543
1790809161	ACC	-0.06756138	-0.10594343	9.826627
1790809166	ACC	-0.06756138	-0.09524433	9.826627
1790809171	ACC	-0.08065467	-0.08806173	9.830143
1790809176	ACC	-0.060303956	-0.08806173	9.806351
1790809181	ACC	-0.06980594	-0.089258835	9.808745
1790809186	ACC	-0.06621464	-0.092850134	9.801562
1790809191	ACC	-0.06748656	-0.09883564	9.81705
1790809196	ACC	-0.062698156	-0.091653034	9.821838
1790809201	ACC	-0.079457566	-0.0962918	9.826627
1790809206	ACC	-0.074743986	-0.0915034	9.832612
1790809211	ACC	-0.07115268	-0.0927005	9.836204
1790809216	ACC	-0.06875848	-0.11185411	9.826701
1790809221	ACC	-0.081776954	-0.0998831	9.8159275
1790809226	ACC	-0.065092355	-0.08678981	9.825504
1790809231	ACC	-0.062698156	-0.092775315	9.806426
1790809236	ACC	-0.065092355	-0.10706571	9.820716
1790809241	ACC	-0.06980594	-0.09636662	9.810017
1790809246	ACC	-0.06501754	-0.08439561	9.806426
1790809251	ACC	-0.06748656	-0.095094696	9.819519
1790809256	ACC	-0.062698156	-0.091578215	9.816003
1790809261	ACC	-0.061575875	-0.10467151	9.823185
1790809266	ACC	-0.05439327	-0.095094696	9.823185
1790809272	ACC	-0.060378775	-0.10467151	9.827899
1790809277	ACC	-0.07698855	-0.0998831	9.813534
1790809282	ACC	-0.063970074	-0.09142858	9.83755
1790809287	ACC	-0.063895255	-0.09980828	9.818472
1790809292	ACC	-0.06988076	-0.096216984	9.819593
1790809297	ACC	-0.08304887	-0.097414084	9.826701
1790809302	ACC	-0.07115268	-0.09501988	9.830368
1790809307	ACC	-0.07938275	-0.08791209	9.818397
1790809312	ACC	-0.07347207	-0.097414084	9.824382
1790809317	ACC	-0.05319617	-0.08783727	9.819669
1790809322	ACC	-0.06756138	-0.10459669	9.830368
1790809327	ACC	-0.080579855	-0.0915034	9.806426
1790809332	ACC	-0.07339725	-0.096216984	9.813608
1790809337	ACC	-0.074743986	-0.10459669	9.83149
1790809342	ACC	-0.065092355	-0.09382278	9.823185
1790809347	ACC	-0.08424597	-0.09501988	9.823111
1790809352	ACC	-0.063970074	-0.097414084	9.830368
1790809357	ACC	-0.06748656	-0.08551789	9.818397
1790809362	ACC	-0.062772974	-0.104821146	9.828946
1790809367	ACC	-0.06516718	-0.08574235	9.825355
1790809372	ACC	-0.060378775	-0.09891046	9.824158
1790809377	ACC	-0.07227496	-0.10010756	9.820566
1790809383	ACC	-0.060453594	-0.09412205	9.83972
1790809388	ACC	-0.06756138	-0.103624046	9.830143
1790809393	ACC	-0.07234978	-0.09412205	9.838449
1790809398	ACC	-0.06995558	-0.08454525	9.837251
1790809403	ACC	-0.06748656	-0.088136554	9.822961
1790809408	ACC	-0.07826047	-0.08693945	9.819369
1790809413	ACC	-0.06756138	-0.09531915	9.837251
1790809418	ACC	-0.07459435	-0.10250176	9.801488
1790809423	ACC	-0.06995558	-0.09891046	9.832538
1790809428	ACC	-0.065092355	-0.09651626	9.818172
1790809433	ACC	-0.07466917	-0.09531915	9.816976
1790809438	ACC	-0.065092355	-0.09412205	9.820566
1790809443	ACC	-0.07586627	-0.090455934	9.81705
1790809448	ACC	-0.059106853	-0.08806173	9.813534
1790809453	ACC	-0.07706337	-0.091653034	9.827749
1790809458	ACC	-0.07234978	-0.10474633	9.827824
1790809463	ACC	-0.05918167	-0.09763854	9.821913
1790809468	ACC	-0.06741174	-0.08686463	9.807548
1790809473	ACC	-0.062772974	-0.08207623	9.824233
1790809478	ACC	-0.08304887	-0.09524433	9.825355
1790809483	ACC	-0.077138186	-0.092775315	9.837326
1790809488	ACC	-0.061501056	-0.091653034	9.819519
1790809493	ACC	-0.07347207	-0.10003274	9.81705
1790809499	ACC	-0.07347207	-0.09404723	9.821838
1790809504	ACC	-0.06628946	-0.08327333	9.823035
1790809509	ACC	-0.06875848	-0.09636662	9.829021
1790809514	ACC	-0.06628946	-0.08207623	9.824233
1790809519	ACC	-0.06636428	-0.09876082	9.832612
1790809524	ACC	-0.057984572	-0.09299977	9.822961
1790809529	ACC	-0.061575875	-0.09180267	9.831265
1790809534	ACC	-0.056787472	-0.09419687	9.819369
1790809539	ACC	-0.06516718	-0.10497078	9.820492
1790809544	ACC	-0.06636428	-0.10377368	9.83366
1790809549	ACC	-0.06636428	-0.09778818	9.830069
1790809554	ACC	-0.07347207	-0.09307459	9.813309
1790809559	ACC	-0.079457566	-0.09898528	9.815703
1790809564	ACC	-0.06516718	-0.09060557	9.831265
1790809569	ACC	-0.057984572	-0.09419687	9.822961
1790809574	ACC	-0.07586627	-0.083497785	9.8276
1790809579	ACC	-0.07466917	-0.087089084	9.824083
1790809584	ACC	-0.063895255	-0.09659108	9.818097
1790809589	ACC	-0.08417115	-0.09068039	9.813234
1790809594	ACC	-0.06868366	-0.102576576	9.812112
1790809599	ACC	-0.06988076	-0.10616788	9.812112
1790809604	ACC	-0.06748656	-0.08656535	9.814955
1790809609	ACC	-0.07220014	-0.09374796	9.810166
1790809614	ACC	-0.065092355	-0.09135376	9.8089695
1790809620	ACC	-0.061575875	-0.09255086	9.831639
1790809625	ACC	-0.063970074	-0.096142165	9.829246
1790809630	ACC	-0.059106853	-0.099733464	9.819743
1790809635	ACC	-0.065092355	-0.09374796	9.814955
1790809640	ACC	-0.05192425	-0.096142165	9.813833
1790809645	ACC	-0.05319617	-0.08776245	9.8329115
1790809650	ACC	-0.06628946	-0.099733464	9.814955
1790809655	ACC	-0.06868366	-0.08895956	9.819669
1790809660	ACC	-0.06868366	-0.09135376	9.825654
1790809665	ACC	-0.065092355	-0.09494506	9.820941
1790809670	ACC	-0.06748656	-0.102052845	9.825654
1790809675	ACC	-0.05439327	-0.09374796	9.822138
1790809680	ACC	-0.060303956	-0.096142165	9.818546
1790809685	ACC	-0.079457566	-0.092850134	9.832538
1790809690	ACC	-0.060378775	-0.08207623	9.827824
1790809695	ACC	-0.06980594	-0.092850134	9.808745
1790809700	ACC	-0.06756138	-0.08207623	9.832612
1790809705	ACC	-0.079457566	-0.09883564	9.822961
1790809710	ACC	-0.06756138	-0.08207623	9.830218
1790809715	ACC	-0.07466917	-0.090455934	9.824233
1790809720	ACC	-0.062772974	-0.09995792	9.824233
1790809725	ACC	-0.077138186	-0.09876082	9.836129
1790809731	ACC	-0.07354689	-0.092775315	9.838523
1790809736	ACC	-0.07347207	-0.09883564	9.823035
1790809741	ACC	-0.06628946	-0.09404723	9.824233
1790809746	ACC	-0.07586627	-0.090455934	9.8206415
1790809751	ACC	-0.07826047	-0.10354923	9.831341
1790809756	ACC	-0.065092355	-0.07728782	9.819444
1790809761	ACC	-0.063970074	-0.09995792	9.827824
1790809766	ACC	-0.06636428	-0.0962918	9.826701
1790809771	ACC	-0.06516718	-0.11424831	9.824307
1790809776	ACC	-0.06741174	-0.10467151	9.804031
1790809781	ACC	-0.06628946	-0.09636662	9.811214
1790809786	ACC	-0.057984572	-0.1022773	9.823185
1790809791	ACC	-0.04249708	-0.08559271	9.827973
1790809796	ACC	-0.056712653	-0.091578215	9.816003
1790809801	ACC	-0.07586627	-0.0962918	9.824307
1790809806	ACC	-0.063895255	-0.091578215	9.819593
1790809811	ACC	-0.06868366	-0.093897596	9.821913
1790809816	ACC	-0.06748656	-0.098686	9.824307
1790809821	ACC	-0.07466917	-0.0962918	9.817124
1790809826	ACC	-0.062772974	-0.10706571	9.827899
1790809831	ACC	-0.07354689	-0.093897596	9.83149
1790809836	ACC	-0.06875848	-0.095094696	9.827899
1790809841	ACC	-0.06868366	-0.08798691	9.823111
1790809847	ACC	-0.06628946	-0.08933365	9.815778
1790809852	ACC	-0.055590373	-0.09891046	9.827824
1790809857	ACC	-0.07586627	-0.09531915	9.814581
1790809862	ACC	-0.055590373	-0.09412205	9.819444
1790809867	ACC	-0.060378775	-0.09412205	9.821838
1790809872	ACC	-0.057909753	-0.08821137	9.8050785
1790809877	ACC	-0.057909753	-0.09531915	9.813458
1790809882	ACC	-0.07115268	-0.09053075	9.831341
1790809887	ACC	-0.07347207	-0.09172785	9.824158
1790809892	ACC	-0.06988076	-0.08933365	9.825355
1790809897	ACC	-0.07466917	-0.08574235	9.826552
1790809902	ACC	-0.06988076	-0.09771336	9.825355
1790809907	ACC	-0.06868366	-0.09292495	9.818172
1790809912	ACC	-0.06636428	-0.088136554	9.828946
1790809917	ACC	-0.06516718	-0.09292495	9.834931
1790809922	ACC	-0.074743986	-0.09763854	9.839645
1790809927	ACC	-0.061575875	-0.08671499	9.833884
1790809932	ACC	-0.07115268	-0.0796072	9.838598
1790809937	ACC	-0.07466917	-0.091578215	9.819519
1790809942	ACC	-0.06636428	-0.10347441	9.827899
1790809947	ACC	-0.07227496	-0.0974889	9.817124
1790809952	ACC	-0.07586627	-0.098686	9.817124
1790809957	ACC	-0.07347207	-0.0998831	9.814731
1790809963	ACC	-0.08544307	-0.0962918	9.826627
1790809968	ACC	-0.06636428	-0.0974889	9.83149
1790809973	ACC	-0.07347207	-0.08439561	9.826701
1790809978	ACC	-0.065092355	-0.0998831	9.820716
1790809983	ACC	-0.07227496	-0.1022773	9.812336
1790809988	ACC	-0.07826047	-0.0974889	9.821913
1790809993	ACC	-0.06628946	-0.0998831	9.821913
1790809998	ACC	-0.06860884	-0.090381116	9.80882
1790810003	ACC	-0.06636428	-0.08439561	9.829096
1790810008	ACC	-0.06516718	-0.09501988	9.836353
1790810013	ACC	-0.063895255	-0.09501988	9.823185
1790810018	ACC	-0.05439327	-0.09501988	9.820866
1790810023	ACC	-0.065092355	-0.08664017	9.824382
1790810028	ACC	-0.063970074	-0.097414084	9.82917
1790810033	ACC	-0.07107786	-0.08783727	9.823185
1790810038	ACC	-0.062698156	-0.08671499	9.819669
1790810043	ACC	-0.07227496	-0.10938509	9.824382
1790810048	ACC	-0.05439327	-0.10459669	9.828049
1790810053	ACC	-0.06875848	-0.09861118	9.82917
1790810058	ACC	-0.062698156	-0.11058219	9.811289
1790810063	ACC	-0.07115268	-0.097414084	9.837476
1790810068	ACC	-0.07347207	-0.08671499	9.818397
1790810073	ACC	-0.049679685	-0.097414084	9.830442
1790810079	ACC	-0.07586627	-0.09262568	9.827973
1790810084	ACC	-0.05319617	-0.09142858	9.824457
1790810089	ACC	-0.065092355	-0.10339958	9.823185
1790810094	ACC	-0.06995558	-0.09382278	9.830368
1790810099	ACC	-0.080579855	-0.08312369	9.819593
1790810104	ACC	-0.057909753	-0.09142858	9.818472
1790810109	ACC	-0.062698156	-0.096216984	9.819669
1790810114	ACC	-0.06756138	-0.08783727	9.82917
1790810119	ACC	-0.060378775	-0.09980828	9.82917
1790810124	ACC	-0.057984572	-0.08544307	9.833959
1790810129	ACC	-0.05439327	-0.09142858	9.834034
1790810134	ACC	-0.06995558	-0.09142858	9.833959
1790810139	ACC	-0.07586627	-0.09382278	9.827973
1790810144	ACC	-0.063970074	-0.09023148	9.827973
1790810149	ACC	-0.063895255	-0.08551789	9.819669
1790810154	ACC	-0.065092355	-0.08903438	9.821988
1790810159	ACC	-0.07227496	-0.09262568	9.830368
1790810164	ACC	-0.061575875	-0.09262568	9.82326
1790810169	ACC	-0.07107786	-0.09995792	9.824233
1790810174	ACC	-0.06756138	-0.10115502	9.835007
1790810179	ACC	-0.07107786	-0.090455934	9.815853
1790810184	ACC	-0.059106853	-0.09644144	9.818322
1790810190	ACC	-0.080579855	-0.092850134	9.815853
1790810195	ACC	-0.065092355	-0.08566753	9.818322
1790810200	ACC	-0.06636428	-0.092850134	9.82543
1790810205	ACC	-0.065092355	-0.09404723	9.823035
1790810210	ACC	-0.06636428	-0.08806173	9.836204
1790810215	ACC	-0.06756138	-0.09404723	9.831415
1790810220	ACC	-0.06995558	-0.09756372	9.83381
1790810225	ACC	-0.07339725	-0.09404723	9.812262
1790810230	ACC	-0.075941086	-0.09756372	9.837326
1790810235	ACC	-0.06748656	-0.10122984	9.818247
1790810240	ACC	-0.07347207	-0.10474633	9.815853
1790810245	ACC	-0.06868366	-0.10242694	9.815853
1790810250	ACC	-0.07706337	-0.09651626	9.822961
1790810255	ACC	-0.07586627	-0.09531915	9.820566
1790810260	ACC	-0.06756138	-0.09053075	9.828946
1790810265	ACC	-0.05918167	-0.10010756	9.827749
1790810270	ACC	-0.065092355	-0.09292495	9.819369
1790810275	ACC	-0.06860884	-0.085817166	9.807473
1790810280	ACC	-0.061575875	-0.08933365	9.827749
1790810285	ACC	-0.08185177	-0.09531915	9.824083
1790810290	ACC	-0.06516718	-0.09651626	9.830143
1790810295	ACC	-0.062772974	-0.09172785	9.830143
1790810300	ACC	-0.079457566	-0.09412205	9.831265
1790810306	ACC	-0.07818565	-0.09531915	9.812187
1790810311	ACC	-0.06748656	-0.09053075	9.812262
1790810316	ACC	-0.07818565	-0.09172785	9.814581
1790810321	ACC	-0.07107786	-0.09531915	9.813384
1790810326	ACC	-0.062698156	-0.09891046	9.819444
1790810331	ACC	-0.060378775	-0.09876082	9.826627
1790810336	ACC	-0.07586627	-0.10354923	9.828946
1790810341	ACC	-0.061575875	-0.09756372	9.830218
1790810346	ACC	-0.06516718	-0.09524433	9.826627
1790810351	ACC	-0.07107786	-0.092850134	9.821838
1790810356	ACC	-0.078335285	-0.09636662	9.834931
1790810361	ACC	-0.061575875	-0.095169514	9.832612
1790810366	ACC	-0.061575875	-0.09876082	9.830218
1790810371	ACC	-0.05918167	-0.09524433	9.824307
1790810376	ACC	-0.063970074	-0.091653034	9.826627
1790810381	ACC	-0.07466917	-0.09883564	9.813458
1790810386	ACC	-0.06868366	-0.10235212	9.821838
1790810391	ACC	-0.07826047	-0.090455934	9.827749
1790810396	ACC	-0.07586627	-0.091653034	9.82543
1790810401	ACC	-0.06988076	-0.08207623	9.823035
1790810406	ACC	-0.062698156	-0.09883564	9.818322
1790810411	ACC	-0.06868366	-0.09501988	9.821988
1790810416	ACC	-0.061575875	-0.09980828	9.830368
1790810422	ACC	-0.07826047	-0.09980828	9.832687
1790810427	ACC	-0.07818565	-0.08671499	9.810017
1790810432	ACC	-0.082974054	-0.09861118	9.818397
1790810437	ACC	-0.07466917	-0.097414084	9.820791
1790810442	ACC	-0.07234978	-0.09861118	9.835081
1790810447	ACC	-0.07347207	-0.09980828	9.82917
1790810452	ACC	-0.06748656	-0.08791209	9.81488
1790810457	ACC	-0.07826047	-0.08544307	9.827899
1790810462	ACC	-0.07586627	-0.08791209	9.8172
1790810467	ACC	-0.06868366	-0.10339958	9.816077
1790810472	ACC	-0.06628946	-0.09262568	9.823185
1790810477	ACC	-0.065092355	-0.09142858	9.821988
1790810482	ACC	-0.062772974	-0.10459669	9.8220625
1790810487	ACC	-0.07466917	-0.10459669	9.823185
1790810492	ACC	-0.061575875	-0.1010802	9.820791
1790810497	ACC	-0.062772974	-0.0998831	9.827899
1790810502	ACC	-0.07227496	-0.095094696	9.821913
1790810507	ACC	-0.055590373	-0.0891092	9.833884
1790810512	ACC	-0.06875848	-0.093897596	9.827899
1790810517	ACC	-0.07339725	-0.092775315	9.813534
1790810522	ACC	-0.062772974	-0.1010802	9.823111
1790810527	ACC	-0.063970074	-0.0962918	9.83149
1790810532	ACC	-0.057984572	-0.10467151	9.821988
1790810538	ACC	-0.07347207	-0.089184016	9.823111
1790810543	ACC	-0.07227496	-0.08678981	9.825504
1790810548	ACC	-0.08065467	-0.093897596	9.821913
1790810553	ACC	-0.062772974	-0.090381116	9.823111
1790810558	ACC	-0.06756138	-0.10467151	9.829096
1790810563	ACC	-0.06748656	-0.0998831	9.823111
1790810568	ACC	-0.062698156	-0.0974889	9.816003
1790810573	ACC	-0.07347207	-0.09367314	9.817349
1790810578	ACC	-0.062698156	-0.09247604	9.82341
1790810583	ACC	-0.06988076	-0.09247604	9.822138
1790810588	ACC	-0.062772974	-0.09247604	9.82932
1790810593	ACC	-0.06988076	-0.10197803	9.819743
1790810598	ACC	-0.07234978	-0.09359832	9.835306
1790810603	ACC	-0.060378775	-0.084096335	9.827001
1790810608	ACC	-0.07234978	-0.09718963	9.8377
1790810613	ACC	-0.05805939	-0.09000702	9.843685
1790810618	ACC	-0.063895255	-0.09606735	9.816227
1790810623	ACC	-0.061501056	-0.09487024	9.810242
1790810628	ACC	-0.06988076	-0.10556933	9.817424
1790810633	ACC	-0.057984572	-0.081702136	9.824607
1790810638	ACC	-0.06628946	-0.10197803	9.817424
1790810643	ACC	-0.061501056	-0.09367314	9.818622
1790810648	ACC	-0.06516718	-0.10197803	9.836503
1790810653	ACC	-0.05918167	-0.09718963	9.824607
1790810659	ACC	-0.063970074	-0.09838673	9.826926
1790810664	ACC	-0.065092355	-0.09008184	9.81503
1790810669	ACC	-0.07227496	-0.09726445	9.818546
1790810674	ACC	-0.07586627	-0.09718963	9.824532
1790810679	ACC	-0.057909753	-0.084096335	9.817424
1790810684	ACC	-0.056787472	-0.09718963	9.828198
1790810689	ACC	-0.061501056	-0.08888474	9.810242
1790810694	ACC	-0.06868366	-0.09367314	9.823335
1790810699	ACC	-0.063895255	-0.08888474	9.816227
1790810704	ACC	-0.06636428	-0.087687634	9.831715
1790810709	ACC	-0.05431845	-0.09606735	9.8151045
1790810714	ACC	-0.07347207	-0.098461546	9.819743
1790810719	ACC	-0.07107786	-0.09008184	9.816227
1790810724	ACC	-0.079457566	-0.09127894	9.823335
1790810729	ACC	-0.065092355	-0.09606735	9.818622
1790810734	ACC	-0.06868366	-0.103175126	9.826926
1790810739	ACC	-0.06868366	-0.09487024	9.817424
1790810744	ACC	-0.06988076	-0.086490534	9.826926
1790810749	ACC	-0.07826047	-0.086490534	9.820941
1790810754	ACC	-0.06516718	-0.09247604	9.828123
1790810759	ACC	-0.06741174	-0.09487024	9.809045
1790810764	ACC	-0.06636428	-0.11035773	9.825729
1790810769	ACC	-0.06748656	-0.09367314	9.817424
1790810775	ACC	-0.062698156	-0.087687634	9.810242
1790810780	ACC	-0.079457566	-0.082899235	9.823335
1790810785	ACC	-0.07107786	-0.08888474	9.823335
1790810790	ACC	-0.06868366	-0.086490534	9.8198185
1790810795	ACC	-0.06748656	-0.09127894	9.821015
1790810800	ACC	-0.07354689	-0.082899235	9.8376255
1790810805	ACC	-0.06628946	-0.10078093	9.821015
1790810810	ACC	-0.06748656	-0.103175126	9.823335
1790810815	ACC	-0.06875848	-0.08447043	9.83381
1790810820	ACC	-0.063970074	-0.09524433	9.827824
1790810825	ACC	-0.06516718	-0.10594343	9.824233
1790810830	ACC	-0.07706337	-0.107140526	9.818247
1790810835	ACC	-0.06988076	-0.089258835	9.811139
1790810840	ACC	-0.06868366	-0.07968202	9.819444
1790810845	ACC	-0.06516718	-0.09524433	9.824233
1790810850	ACC	-0.063895255	-0.09883564	9.817124
1790810855	ACC	-0.05319617	-0.092850134	9.825504
1790810860	ACC	-0.07818565	-0.08686463	9.809867
1790810865	ACC	-0.06748656	-0.092850134	9.821838
1790810870	ACC	-0.06748656	-0.089258835	9.8206415
1790810875	ACC	-0.07698855	-0.09644144	9.80867
1790810880	ACC	-0.06636428	-0.09876082	9.838598
1790810886	ACC	-0.06995558	-0.09876082	9.838523
1790810891	ACC	-0.07826047	-0.08806173	9.8206415
1790810896	ACC	-0.065092355	-0.09374796	9.820941
1790810901	ACC	-0.07227496	-0.10452187	9.820866
1790810906	ACC	-0.06628946	-0.08776245	9.819743
1790810911	ACC	-0.07347207	-0.09494506	9.826851
1790810916	ACC	-0.060378775	-0.09494506	9.824532
1790810921	ACC	-0.060303956	-0.097339265	9.818546
1790810926	ACC	-0.08185177	-0.09374796	9.824382
1790810931	ACC	-0.06516718	-0.08656535	9.831639
1790810936	ACC	-0.065092355	-0.10923545	9.822138
1790810941	ACC	-0.07579145	-0.08417115	9.81488
1790810946	ACC	-0.057909753	-0.09494506	9.814955
1790810951	ACC	-0.06860884	-0.096142165	9.807773
1790810956	ACC	-0.07826047	-0.098536365	9.820866
1790810961	ACC	-0.06748656	-0.09135376	9.812561
1790810966	ACC	-0.06995558	-0.098461546	9.8376255
1790810971	ACC	-0.07107786	-0.09015666	9.813758
1790810976	ACC	-0.06875848	-0.0974889	9.826701
1790810981	ACC	-0.063970074	-0.1022773	9.835081
1790810986	ACC	-0.06756138	-0.0915034	9.83149
1790810991	ACC	-0.07586627	-0.098686	9.821913
1790810996	ACC	-0.065092355	-0.093972415	9.816003
1790811002	ACC	-0.06628946	-0.08319851	9.816003
1790811007	ACC	-0.07818565	-0.09876082	9.812336
1790811012	ACC	-0.063895255	-0.0998831	9.818397
1790811017	ACC	-0.062772974	-0.10467151	9.821988
1790811022	ACC	-0.06748656	-0.093972415	9.813608
1790811027	ACC	-0.06756138	-0.08798691	9.830293
1790811032	ACC	-0.06628946	-0.08559271	9.813608
1790811037	ACC	-0.057984572	-0.08559271	9.832687
1790811042	ACC	-0.063970074	-0.1022773	9.827899
1790811047	ACC	-0.08185177	-0.0998831	9.829021
1790811052	ACC	-0.060378775	-0.10347441	9.826701
1790811057	ACC	-0.06748656	-0.09891046	9.822961
1790811062	ACC	-0.05439327	-0.088136554	9.8206415
1790811067	ACC	-0.06628946	-0.09651626	9.819369
1790811072	ACC	-0.059106853	-0.09412205	9.813458
1790811077	ACC	-0.062698156	-0.08933365	9.815853
1790811082	ACC	-0.061501056	-0.08693945	9.8206415
1790811087	ACC	-0.07227496	-0.08693945	9.816976
1790811092	ACC	-0.07698855	-0.10729016	9.810989
1790811097	ACC	-0.061575875	-0.104895964	9.824158
1790811102	ACC	-0.07459435	-0.08821137	9.808596
1790811107	ACC	-0.07459435	-0.09531915	9.812187
1790811113	ACC	-0.060378775	-0.08574235	9.832538
1790811118	ACC	-0.08185177	-0.09053075	9.826477
1790811123	ACC	-0.08656535	-0.10968436	9.806201
1790811128	ACC	-0.06748656	-0.10130466	9.818172
1790811133	ACC	-0.06636428	-0.09651626	9.830143
1790811138	ACC	-0.06636428	-0.0998831	9.826701
1790811143	ACC	-0.065092355	-0.093972415	9.807623
1790811148	ACC	-0.061501056	-0.098686	9.812411
1790811153	ACC	-0.055590373	-0.092775315	9.819593
1790811158	ACC	-0.07706337	-0.0998831	9.820716
1790811163	ACC	-0.07100304	-0.089184016	9.806426
1790811168	ACC	-0.07347207	-0.08559271	9.827899
1790811173	ACC	-0.08185177	-0.10347441	9.82543
1790811178	ACC	-0.07227496	-0.092775315	9.814731
1790811183	ACC	-0.065092355	-0.1010802	9.812411
1790811188	ACC	-0.07107786	-0.095169514	9.812336
1790811193	ACC	-0.059106853	-0.1022773	9.816003
1790811198	ACC	-0.08185177	-0.0927005	9.82543
1790811203	ACC	-0.07347207	-0.0962918	9.820716
1790811208	ACC	-0.056787472	-0.10586861	9.821988
1790811213	ACC	-0.057984572	-0.0974889	9.820791
1790811218	ACC	-0.07586627	-0.09404723	9.81705
1790811223	ACC	-0.061501056	-0.09404723	9.818322
1790811228	ACC	-0.05918167	-0.09644144	9.826627
1790811234	ACC	-0.05319617	-0.10115502	9.826701
1790811239	ACC	-0.06756138	-0.08566753	9.831415
1790811244	ACC	-0.059106853	-0.10242694	9.808745
1790811249	ACC	-0.07466917	-0.09763854	9.814655
1790811254	ACC	-0.063970074	-0.09524433	9.824233
1790811259	ACC	-0.062772974	-0.08087913	9.824233
1790811264	ACC	-0.07107786	-0.09524433	9.814655
1790811269	ACC	-0.07706337	-0.08806173	9.823035
1790811274	ACC	-0.065092355	-0.09524433	9.811139
1790811279	ACC	-0.06980594	-0.09404723	9.803957
1790811284	ACC	-0.056712653	-0.090455934	9.806426
1790811289	ACC	-0.063895255	-0.091653034	9.821838
1790811294	ACC	-0.06988076	-0.08566753	9.81705
1790811299	ACC	-0.06875848	-0.09374796	9.830442
1790811304	ACC	-0.07706337	-0.08895956	9.825654
1790811309	ACC	-0.07107786	-0.098536365	9.820866
1790811314	ACC	-0.062698156	-0.098536365	9.820941
1790811319	ACC	-0.07107786	-0.098536365	9.82326
1790811324	ACC	-0.063895255	-0.098536365	9.820941
1790811329	ACC	-0.07107786	-0.08656535	9.829246
1790811334	ACC	-0.060303956	-0.10564415	9.818546
1790811339	ACC	-0.065092355	-0.09135376	9.822138
1790811345	ACC	-0.07826047	-0.09255086	9.820866
1790811350	ACC	-0.07459435	-0.08185177	9.816077
1790811355	ACC	-0.06995558	-0.08656535	9.831639
1790811360	ACC	-0.063970074	-0.08895956	9.830442
1790811365	ACC	-0.063895255	-0.09015666	9.819743
1790811370	ACC	-0.07227496	-0.10571897	9.817274
1790811375	ACC	-0.066139825	-0.23343466	9.764827
1790811380	ACC	-0.060453594	-0.18839374	9.836129
1790811385	ACC	-0.03935469	-0.0413748	9.950751
1790811390	ACC	-0.05327099	0.0074070613	9.858799
1790811395	ACC	-0.088585466	-0.048931498	9.7346
1790811400	ACC	-0.12352584	-0.06434417	9.814357
1790811405	ACC	-0.12180501	-0.0688333	9.959954
1790811410	ACC	-0.07287352	-0.060453594	9.961375
1790811415	ACC	-0.042272624	-0.058358666	9.786075
1790811420	ACC	-0.0059106853	-0.063371524	9.65619
1790811425	ACC	-0.028505964	-0.06935703	9.639356
1790811430	ACC	-0.0338181	-0.082300685	9.752706
1790811435	ACC	-0.060378775	-0.07975684	9.838523
1790811440	ACC	-0.08439561	-0.07616554	9.8646345
1790811445	ACC	-0.089184016	-0.07736264	9.868226
1790811450	ACC	-0.092775315	-0.10122984	9.867029
1790811455	ACC	-0.0700304	-0.11798925	9.844434
1790811461	ACC	-0.04369418	-0.14873978	9.818546
