1103698676	ACC	-0.0047884034	0.0047884034	9.672575
1103698684	ACC	0.0	-0.023942016	9.787497
1103698692	ACC	0.0	-0.038307227	9.89763
1103698700	ACC	-0.01436521	-0.023942016	9.940725
1103698708	ACC	-0.04309563	-0.0047884034	9.883265
1103698716	ACC	-0.05267244	-0.01436521	9.801862
1103698724	ACC	-0.047884032	-0.05267244	9.782708
1103698732	ACC	-0.019153614	-0.009576807	9.80665
1103698740	ACC	-0.009576807	0.0047884034	9.792285
1103698748	ACC	-0.0047884034	-0.047884032	9.77792
1103698756	ACC	-0.01436521	-0.033518825	9.80665
1103698764	ACC	-0.038307227	0.009576807	9.859323
1103698772	ACC	-0.047884032	-0.009576807	9.868899
1103698780	ACC	-0.02873042	-0.02873042	9.830592
1103698788	ACC	-0.01436521	-0.01436521	9.811439
1103698796	ACC	-0.01436521	0.023942016	9.801862
1103698804	ACC	-0.01436521	-0.0047884034	9.768343
1103698812	ACC	-0.009576807	-0.02873042	9.768343
1103698820	ACC	-0.02873042	-0.023942016	9.849746
1103698828	ACC	-0.04309563	-0.038307227	9.878476
1103698836	ACC	-0.04309563	-0.07182605	9.840169
1103698844	ACC	-0.05267244	-0.05267244	9.840169
1103698852	ACC	-0.038307227	0.019153614	9.854534
1103698860	ACC	0.0047884034	0.04309563	9.792285
1103698868	ACC	0.0047884034	-0.009576807	9.725247
1103698876	ACC	-0.009576807	-0.009576807	9.773131
1103698884	ACC	-0.033518825	0.01436521	9.830592
1103698892	ACC	-0.02873042	-0.01436521	9.840169
1103698900	ACC	-0.02873042	-0.062249243	9.797073
1103698908	ACC	-0.047884032	-0.05746084	9.821015
1103698916	ACC	-0.02873042	-0.01436521	9.878476
1103698924	ACC	-0.023942016	-0.01436521	9.844957
1103698932	ACC	-0.02873042	-0.038307227	9.787497
1103698940	ACC	-0.02873042	-0.01436521	9.792285
1103698948	ACC	-0.033518825	0.009576807	9.80665
1103698956	ACC	-0.01436521	0.0047884034	9.801862
1103698964	ACC	-0.02873042	-0.009576807	9.792285
1103698972	ACC	-0.02873042	-0.01436521	9.811439
1103698980	ACC	-0.009576807	-0.033518825	9.835381
1103698988	ACC	0.0	-0.033518825	9.859323
1103698996	ACC	-0.019153614	-0.01436521	9.849746
1103699004	ACC	-0.04309563	-0.0047884034	9.811439
1103699012	ACC	-0.033518825	-0.033518825	9.753978
1103699020	ACC	-0.047884032	-0.023942016	9.782708
1103699028	ACC	-0.04309563	0.01436521	9.849746
1103699036	ACC	-0.023942016	0.023942016	9.854534
1103699044	ACC	-0.0047884034	-0.023942016	9.811439
1103699052	ACC	-0.009576807	-0.038307227	9.792285
1103699060	ACC	-0.04309563	-0.0047884034	9.801862
1103699068	ACC	-0.02873042	0.0	9.801862
1103699076	ACC	-0.01436521	-0.01436521	9.816227
1103699084	ACC	-0.01436521	-0.02873042	9.840169
1103699092	ACC	-0.033518825	-0.02873042	9.844957
1103699100	ACC	-0.033518825	-0.047884032	9.821015
1103699108	ACC	-0.033518825	-0.033518825	9.811439
1103699116	ACC	-0.02873042	-0.0047884034	9.825804
1103699124	ACC	-0.019153614	0.0	9.811439
1103699132	ACC	-0.01436521	-0.01436521	9.797073
1103699140	ACC	-0.023942016	-0.01436521	9.816227
1103699148	ACC	-0.04309563	0.0	9.849746
1103699156	ACC	-0.023942016	-0.01436521	9.816227
1103699164	ACC	-0.0047884034	-0.033518825	9.77792
1103699172	ACC	-0.01436521	-0.038307227	9.80665
1103699180	ACC	-0.02873042	-0.009576807	9.859323
1103699188	ACC	-0.038307227	-0.0047884034	9.830592
1103699196	ACC	-0.038307227	-0.033518825	9.811439
1103699204	ACC	-0.033518825	-0.04309563	9.797073
1103699212	ACC	-0.033518825	-0.019153614	9.830592
1103699220	ACC	-0.009576807	0.01436521	9.835381
1103699228	ACC	-0.01436521	0.0047884034	9.816227
1103699236	ACC	-0.023942016	-0.019153614	9.792285
1103699244	ACC	-0.019153614	-0.033518825	9.797073
1103699252	ACC	-0.033518825	-0.02873042	9.821015
1103699260	ACC	-0.02873042	-0.01436521	9.835381
1103699268	ACC	-0.04309563	-0.009576807	9.825804
1103699276	ACC	-0.02873042	-0.019153614	9.80665
1103699284	ACC	-0.019153614	-0.033518825	9.792285
1103699292	ACC	-0.02873042	-0.023942016	9.80665
1103699300	ACC	-0.033518825	-0.0047884034	9.840169
1103699308	ACC	-0.023942016	-0.0047884034	9.825804
1103699316	ACC	-0.019153614	-0.009576807	9.811439
1103699324	ACC	-0.02873042	-0.023942016	9.816227
1103699332	ACC	-0.033518825	-0.023942016	9.811439
1103699340	ACC	-0.019153614	-0.019153614	9.830592
1103699348	ACC	-0.01436521	-0.0047884034	9.821015
1103699356	ACC	-0.023942016	-0.01436521	9.816227
1103699364	ACC	-0.033518825	-0.01436521	9.792285
1103699372	ACC	-0.033518825	-0.02873042	9.816227
1103699380	ACC	-0.038307227	-0.02873042	9.825804
1103699388	ACC	-0.023942016	-0.023942016	9.830592
1103699396	ACC	-0.01436521	-0.01436521	9.835381
1103699404	ACC	-0.009576807	-0.01436521	9.816227
1103699412	ACC	-0.033518825	-0.01436521	9.801862
1103699420	ACC	-0.047884032	-0.01436521	9.801862
1103699428	ACC	-0.04309563	-0.019153614	9.80665
1103699436	ACC	-0.038307227	-0.02873042	9.816227
1103699444	ACC	-0.019153614	-0.019153614	9.825804
1103699452	ACC	-0.019153614	-0.019153614	9.849746
1103699460	ACC	-0.038307227	-0.019153614	9.835381
1103699468	ACC	-0.019153614	-0.033518825	9.787497
1103699476	ACC	-0.019153614	-0.02873042	9.763555
1103699484	ACC	-0.023942016	-0.02873042	9.811439
1103699492	ACC	-0.01436521	0.0047884034	9.859323
1103699500	ACC	-0.009576807	0.01436521	9.840169
1103699508	ACC	-0.023942016	-0.023942016	9.80665
1103699516	ACC	-0.033518825	-0.04309563	9.797073
1103699524	ACC	-0.033518825	-0.009576807	9.811439
1103699532	ACC	-0.023942016	0.01436521	9.797073
1103699540	ACC	-0.02873042	-0.023942016	9.801862
1103699548	ACC	-0.019153614	-0.019153614	9.821015
1103699556	ACC	-0.023942016	-0.023942016	9.835381
1103699564	ACC	-0.023942016	-0.033518825	9.816227
1103699572	ACC	-0.02873042	-0.02873042	9.80665
1103699580	ACC	-0.02873042	-0.0047884034	9.816227
1103699588	ACC	-0.019153614	0.0047884034	9.821015
1103699596	ACC	-0.019153614	-0.01436521	9.787497
1103699604	ACC	-0.047884032	-0.02873042	9.797073
1103699612	ACC	-0.04309563	-0.01436521	9.821015
1103699620	ACC	-0.02873042	0.0	9.821015
1103699628	ACC	-0.019153614	-0.01436521	9.801862
1103699636	ACC	-0.01436521	-0.02873042	9.811439
1103699644	ACC	-0.033518825	-0.0047884034	9.821015
1103699652	ACC	-0.023942016	-0.01436521	9.821015
1103699660	ACC	-0.023942016	-0.038307227	9.801862
1103699668	ACC	-0.023942016	-0.038307227	9.816227
1103699676	ACC	-0.023942016	-0.0047884034	9.825804
1103699684	ACC	-0.0047884034	-0.0047884034	9.840169
1103699692	ACC	0.0	-0.05267244	9.797073
1103699700	ACC	-0.07182605	-0.02873042	9.878476
1103699708	ACC	-0.05267244	0.01436521	9.797073
1103699716	ACC	-0.08619126	0.047884032	9.725247
1103699724	ACC	0.019153614	0.023942016	9.768343
1103699732	ACC	0.009576807	-0.05746084	9.825804
1103699740	ACC	-0.01436521	-0.090979666	9.868899
1103699748	ACC	0.009576807	-0.06703765	9.849746
1103699756	ACC	-0.04309563	-0.009576807	9.844957
1103699764	ACC	-0.05746084	0.038307227	9.825804
1103699772	ACC	-0.01436521	0.01436521	9.821015
1103699780	ACC	-0.009576807	-0.023942016	9.792285
1103699788	ACC	-0.023942016	-0.02873042	9.782708
1103699796	ACC	-0.033518825	-0.0047884034	9.768343
1103699804	ACC	-0.01436521	0.009576807	9.768343
1103699812	ACC	-0.033518825	-0.019153614	9.821015
1103699820	ACC	-0.023942016	-0.04309563	9.859323
1103699828	ACC	-0.038307227	-0.062249243	9.892841
1103699836	ACC	-0.062249243	-0.033518825	9.868899
1103699844	ACC	-0.019153614	0.019153614	9.816227
1103699852	ACC	0.0047884034	0.01436521	9.744401
1103699860	ACC	0.009576807	-0.023942016	9.720459
1103699868	ACC	-0.009576807	-0.023942016	9.773131
1103699876	ACC	-0.02873042	-0.019153614	9.864111
1103699884	ACC	-0.05267244	-0.009576807	9.888053
1103699892	ACC	-0.062249243	-0.02873042	9.849746
1103699900	ACC	-0.033518825	-0.023942016	9.792285
1103699908	ACC	-0.047884032	-0.019153614	9.825804
1103699916	ACC	0.062249243	-0.033518825	9.763555
1103699924	ACC	0.047884032	-0.062249243	9.854534
1103699932	ACC	-0.019153614	-0.023942016	9.892841
1103699940	ACC	-0.1436521	0.0	9.92636
1103699948	ACC	-0.16280572	0.01436521	9.868899
1103699956	ACC	-0.08140286	0.04309563	9.720459
1103699964	ACC	-0.0047884034	0.04309563	9.557653
1103699972	ACC	-0.0047884034	0.019153614	9.533711
1103699980	ACC	-0.047884032	0.047884032	9.44752
1103699988	ACC	0.1388637	-0.04309563	10.232818
1103699996	ACC	-0.05746084	-0.18674773	9.92636
1103700004	ACC	-0.07182605	-0.110133275	10.089166
1103700012	ACC	-0.009576807	-0.047884032	9.921572
1103700020	ACC	-0.038307227	0.01436521	9.730036
1103700028	ACC	-0.01436521	0.05746084	9.643845
1103700036	ACC	0.023942016	0.019153614	9.619903
1103700044	ACC	0.04309563	0.0	9.730036
1103700052	ACC	-0.04309563	0.0047884034	9.840169
1103700060	ACC	-0.10534488	0.01436521	9.883265
1103700068	ACC	-0.1340753	-0.0047884034	9.873688
1103700076	ACC	-0.1340753	-0.038307227	9.844957
1103700084	ACC	-0.009576807	-0.04309563	9.840169
1103700092	ACC	0.08619126	-0.062249243	9.821015
1103700100	ACC	0.05267244	-0.02873042	9.80665
1103700108	ACC	0.062249243	0.0	9.77792
1103700116	ACC	0.009576807	-0.023942016	9.768343
1103700124	ACC	-0.07182605	-0.047884032	9.782708
1103700132	ACC	-0.10055647	-0.023942016	9.854534
1103700140	ACC	-0.05746084	0.009576807	9.888053
1103700148	ACC	-0.05746084	0.01436521	9.849746
1103700156	ACC	-0.033518825	-0.023942016	9.773131
1103700164	ACC	0.038307227	-0.019153614	9.744401
1103700172	ACC	0.038307227	0.009576807	9.773131
1103700180	ACC	-0.047884032	-0.009576807	9.797073
1103700188	ACC	-0.08619126	-0.047884032	9.792285
1103700196	ACC	-0.062249243	-0.08619126	9.849746
1103700204	ACC	-0.02873042	-0.05267244	9.89763
1103700212	ACC	-0.009576807	-0.019153614	9.902418
1103700220	ACC	0.033518825	-0.01436521	9.825804
1103700228	ACC	0.023942016	0.023942016	9.77792
1103700236	ACC	-0.02873042	0.033518825	9.725247
1103700244	ACC	-0.05267244	0.0	9.730036
1103700252	ACC	-0.047884032	-0.01436521	9.773131
1103700260	ACC	-0.05746084	0.0	9.868899
1103700268	ACC	-0.038307227	-0.023942016	9.883265
1103700276	ACC	0.0	-0.07182605	9.854534
1103700284	ACC	0.0	-0.07182605	9.840169
1103700292	ACC	-0.019153614	-0.038307227	9.816227
1103700300	ACC	-0.023942016	-0.009576807	9.797073
1103700308	ACC	-0.04309563	0.0047884034	9.768343
1103700316	ACC	-0.05267244	-0.0047884034	9.782708
1103700324	ACC	-0.023942016	0.009576807	9.830592
1103700332	ACC	0.01436521	0.0047884034	9.840169
1103700340	ACC	0.009576807	-0.019153614	9.811439
1103700348	ACC	-0.009576807	-0.033518825	9.816227
1103700356	ACC	-0.038307227	-0.023942016	9.787497
1103700364	ACC	-0.047884032	-0.033518825	9.801862
1103700372	ACC	-0.06703765	-0.038307227	9.825804
1103700380	ACC	-0.05746084	-0.02873042	9.859323
1103700388	ACC	-0.04309563	-0.01436521	9.844957
1103700396	ACC	-0.023942016	-0.009576807	9.80665
1103700404	ACC	-0.019153614	-0.02873042	9.773131
1103700412	ACC	0.0047884034	-0.009576807	9.773131
1103700420	ACC	0.009576807	0.0	9.801862
1103700428	ACC	-0.01436521	-0.019153614	9.80665
1103700436	ACC	-0.019153614	-0.02873042	9.844957
1103700444	ACC	-0.22505496	0.04309563	9.888053
1103700452	ACC	0.36870706	-0.08140286	9.461885
1103700460	ACC	0.20590134	-0.29209262	9.749189
1103700468	ACC	-0.18674773	-0.39743748	10.606314
1103700476	ACC	-0.17238252	0.04309563	10.79785
1103700484	ACC	-0.272939	0.30645782	9.691729
1103700492	ACC	-0.12928689	0.320823	9.150639
1103700500	ACC	0.08140286	0.16759412	8.872911
1103700508	ACC	0.1340753	0.033518825	9.23683
1103700516	ACC	-0.038307227	-0.08140286	9.643845
1103700524	ACC	-0.095768064	-0.08140286	9.720459
1103700532	ACC	-0.5506664	0.35434186	8.508993
1103700540	ACC	-0.08140286	0.1340753	11.894394
1103700548	ACC	0.4165911	-0.019153614	9.840169
1103700556	ACC	-0.21068975	-0.4357447	9.313444
1103700564	ACC	0.05746084	-0.41180268	10.132261
1103700572	ACC	0.110133275	-0.36391866	9.907207
1103700580	ACC	-0.06703765	-0.10534488	9.921572
1103700588	ACC	0.038307227	0.06703765	9.931149
1103700596	ACC	0.04309563	0.090979666	9.749189
1103700604	ACC	-0.18674773	0.25378537	9.56723
1103700612	ACC	-0.25857377	0.22984336	9.629479
1103700620	ACC	0.0047884034	0.21547815	9.533711
1103700628	ACC	-0.019153614	0.038307227	9.548077
1103700636	ACC	-0.1388637	-0.11492168	9.715671
1103700644	ACC	0.009576807	-0.19153613	10.156203
1103700652	ACC	0.07182605	-0.19153613	10.208876
1103700660	ACC	0.06703765	-0.1436521	10.16578
1103700668	ACC	0.076614454	-0.090979666	9.911995
1103700676	ACC	-0.05267244	-0.10055647	9.725247
1103700684	ACC	-0.17717093	-0.023942016	9.634268
1103700692	ACC	-0.033518825	0.08619126	9.629479
1103700700	ACC	0.10055647	0.12449849	9.720459
1103700708	ACC	-0.02873042	0.11971009	9.821015
1103700716	ACC	-0.12928689	0.038307227	9.830592
1103700724	ACC	-0.07182605	0.019153614	9.77792
1103700732	ACC	-0.07182605	-0.019153614	9.835381
1103700740	ACC	-0.062249243	-0.06703765	9.821015
1103700748	ACC	0.01436521	-0.1436521	9.830592
1103700756	ACC	0.0047884034	-0.19153613	9.888053
1103700764	ACC	-0.06703765	-0.11971009	9.92636
1103700772	ACC	-0.01436521	-0.05267244	9.883265
1103700780	ACC	0.076614454	0.023942016	9.801862
1103700788	ACC	0.0047884034	0.095768064	9.758766
1103700796	ACC	-0.11492168	0.095768064	9.739613
1103700804	ACC	-0.062249243	0.062249243	9.691729
1103700812	ACC	-0.009576807	0.02873042	9.701305
1103700820	ACC	-0.019153614	0.0	9.80665
1103700828	ACC	-0.0047884034	-0.02873042	9.844957
1103700836	ACC	-0.038307227	-0.10055647	9.873688
1103700844	ACC	-0.10055647	-0.1388637	9.888053
1103700852	ACC	-0.090979666	-0.11971009	9.902418
1103700860	ACC	-0.009576807	-0.08140286	9.888053
1103700868	ACC	0.0047884034	-0.009576807	9.849746
1103700876	ACC	-0.0047884034	0.038307227	9.792285
1103700884	ACC	0.023942016	0.07182605	9.730036
1103700892	ACC	0.02873042	0.07182605	9.691729
1103700900	ACC	0.009576807	0.062249243	9.730036
1103700908	ACC	-0.023942016	0.02873042	9.782708
1103700916	ACC	-0.07182605	-0.047884032	9.864111
1103700924	ACC	-0.11971009	-0.095768064	9.868899
1103700932	ACC	-0.10534488	-0.10534488	9.883265
1103700940	ACC	-0.04309563	-0.090979666	9.859323
1103700948	ACC	-0.023942016	-0.05267244	9.859323
1103700956	ACC	-0.04309563	-0.019153614	9.825804
1103700964	ACC	-0.019153614	-0.0047884034	9.792285
1103700972	ACC	0.009576807	0.019153614	9.768343
1103700980	ACC	0.01436521	0.05267244	9.763555
1103700988	ACC	0.01436521	0.062249243	9.758766
1103700996	ACC	0.009576807	-0.0047884034	9.773131
1103701004	ACC	-0.033518825	-0.023942016	9.825804
1103701012	ACC	-0.07182605	-0.047884032	9.840169
1103701020	ACC	-0.05746084	-0.06703765	9.835381
1103701028	ACC	-0.07182605	-0.076614454	9.854534
1103701036	ACC	-0.12449849	-0.07182605	9.835381
1103701044	ACC	-0.08140286	-0.076614454	9.844957
1103701052	ACC	-0.0047884034	-0.047884032	9.840169
1103701060	ACC	0.047884032	0.038307227	9.816227
1103701068	ACC	0.05746084	0.023942016	9.773131
1103701076	ACC	0.01436521	0.0047884034	9.768343
1103701084	ACC	-0.009576807	0.05267244	9.787497
1103701092	ACC	-0.038307227	0.02873042	9.801862
1103701100	ACC	-0.05267244	-0.06703765	9.773131
1103701108	ACC	-0.06703765	-0.06703765	9.830592
1103701116	ACC	-0.090979666	0.0	9.902418
1103701124	ACC	-0.090979666	-0.04309563	9.864111
1103701132	ACC	-0.062249243	-0.110133275	9.797073
1103701140	ACC	-0.033518825	-0.05746084	9.811439
1103701148	ACC	-0.038307227	0.0	9.849746
1103701156	ACC	0.023942016	0.019153614	9.816227
1103701164	ACC	0.01436521	0.01436521	9.792285
1103701172	ACC	-0.01436521	0.02873042	9.77792
1103701180	ACC	0.0	0.023942016	9.782708
1103701188	ACC	-0.01436521	0.0047884034	9.773131
1103701196	ACC	-0.06703765	-0.01436521	9.811439
1103701204	ACC	-0.10534488	-0.033518825	9.844957
1103701212	ACC	-0.08140286	-0.062249243	9.835381
1103701220	ACC	-0.047884032	-0.08619126	9.830592
1103701228	ACC	-0.047884032	-0.076614454	9.864111
1103701236	ACC	-0.023942016	-0.01436521	9.868899
1103701244	ACC	0.019153614	0.009576807	9.825804
1103701252	ACC	0.009576807	-0.009576807	9.758766
1103701260	ACC	0.0	0.009576807	9.763555
1103701268	ACC	-0.019153614	0.033518825	9.787497
1103701276	ACC	-0.02873042	0.033518825	9.792285
1103701284	ACC	-0.05267244	-0.019153614	9.801862
1103701292	ACC	-0.062249243	-0.047884032	9.797073
1103701300	ACC	-0.05267244	-0.05267244	9.830592
1103701308	ACC	-0.047884032	-0.05746084	9.859323
1103701316	ACC	-0.033518825	-0.05267244	9.844957
1103701324	ACC	-0.033518825	-0.08140286	9.821015
1103701332	ACC	-0.019153614	-0.05267244	9.811439
1103701340	ACC	0.009576807	0.009576807	9.816227
1103701348	ACC	0.0	0.04309563	9.801862
1103701356	ACC	-0.023942016	0.019153614	9.768343
1103701364	ACC	-0.038307227	0.019153614	9.768343
1103701372	ACC	-0.05267244	0.009576807	9.782708
1103701380	ACC	-0.062249243	-0.023942016	9.801862
1103701388	ACC	-0.06703765	-0.04309563	9.821015
1103701396	ACC	-0.04309563	-0.062249243	9.864111
1103701404	ACC	-0.019153614	-0.07182605	9.868899
1103701412	ACC	-0.009576807	-0.062249243	9.840169
1103701420	ACC	-0.009576807	-0.05746084	9.830592
1103701428	ACC	-0.019153614	-0.009576807	9.835381
1103701436	ACC	-0.009576807	0.023942016	9.797073
1103701444	ACC	-0.02873042	0.033518825	9.763555
1103701452	ACC	-0.04309563	0.019153614	9.763555
1103701460	ACC	-0.047884032	0.009576807	9.77792
1103701468	ACC	-0.04309563	0.0047884034	9.801862
1103701476	ACC	-0.047884032	-0.02873042	9.825804
1103701484	ACC	0.019153614	-0.05746084	9.763555
1103701492	ACC	-0.1340753	-0.11492168	9.797073
1103701500	ACC	-0.10534488	-0.08619126	10.108319
1103701508	ACC	0.110133275	-0.033518825	10.065224
1103701516	ACC	0.10534488	-0.038307227	9.787497
1103701524	ACC	-0.062249243	0.019153614	9.696517
1103701532	ACC	-0.047884032	0.11492168	9.648633
1103701540	ACC	-0.05267244	0.110133275	9.591172
1103701548	ACC	-0.095768064	-0.01436521	9.730036
1103701556	ACC	-0.01436521	-0.095768064	9.92636
1103701564	ACC	-0.0047884034	-0.062249243	9.983821
1103701572	ACC	-0.047884032	-0.038307227	9.969456
1103701580	ACC	-0.08619126	-0.0047884034	9.844957
1103701588	ACC	0.14844051	-0.08619126	9.485827
1103701596	ACC	-0.04309563	-0.1340753	9.911995
1103701604	ACC	-0.047884032	0.019153614	9.883265
1103701612	ACC	-0.095768064	0.04309563	9.945514
1103701620	ACC	-0.17238252	0.033518825	9.844957
1103701628	ACC	-0.038307227	0.06703765	9.68694
1103701636	ACC	0.0047884034	0.02873042	9.653421
1103701644	ACC	0.05267244	-0.009576807	9.667787
1103701652	ACC	-0.08619126	-0.009576807	9.801862
1103701660	ACC	-0.1388637	-0.02873042	9.907207
1103701668	ACC	0.019153614	-0.08619126	9.959879
1103701676	ACC	0.0047884034	-0.090979666	9.92636
1103701684	ACC	-0.033518825	-0.02873042	9.840169
1103701692	ACC	-0.0047884034	-0.019153614	9.749189
1103701700	ACC	-0.05746084	-0.009576807	9.706094
1103701708	ACC	-0.05746084	-0.02873042	9.744401
1103701716	ACC	0.023942016	-0.02873042	9.830592
1103701724	ACC	-0.0047884034	0.01436521	9.888053
1103701732	ACC	-0.1388637	0.038307227	9.864111
1103701740	ACC	-0.14844051	0.019153614	9.758766
1103701748	ACC	-0.009576807	-0.033518825	9.715671
1103701756	ACC	0.047884032	-0.047884032	9.77792
1103701764	ACC	0.019153614	-0.05267244	9.830592
1103701772	ACC	0.009576807	-0.076614454	9.859323
1103701780	ACC	-0.02873042	-0.062249243	9.859323
1103701788	ACC	-0.07182605	-0.02873042	9.864111
1103701796	ACC	-0.04309563	-0.019153614	9.816227
1103701804	ACC	-0.04309563	-0.009576807	9.801862
1103701812	ACC	-0.08619126	0.033518825	9.773131
1103701820	ACC	-0.07182605	0.019153614	9.77792
1103701828	ACC	-0.01436521	-0.01436521	9.768343
1103701836	ACC	0.0	-0.038307227	9.77792
1103701844	ACC	-0.04309563	-0.05267244	9.811439
1103701852	ACC	-0.019153614	-0.05267244	9.883265
1103701860	ACC	-0.04309563	-0.047884032	9.868899
1103701868	ACC	-0.04309563	-0.047884032	9.864111
1103701876	ACC	-0.009576807	-0.04309563	9.792285
1103701884	ACC	-0.019153614	-0.04309563	9.77792
1103701892	ACC	-0.05746084	0.019153614	9.768343
1103701900	ACC	-0.062249243	0.033518825	9.797073
1103701908	ACC	-0.05267244	0.009576807	9.797073
1103701916	ACC	-0.047884032	0.009576807	9.782708
1103701924	ACC	-0.07182605	-0.06703765	9.797073
1103701932	ACC	-0.06703765	-0.095768064	9.854534
1103701940	ACC	-0.033518825	-0.06703765	9.921572
1103701948	ACC	-0.019153614	-0.06703765	9.940725
1103701956	ACC	0.0047884034	-0.08619126	9.849746
1103701964	ACC	-0.033518825	-0.090979666	9.811439
1103701972	ACC	-0.062249243	-0.0047884034	9.773131
1103701980	ACC	-0.08619126	0.033518825	9.768343
1103701988	ACC	-0.05746084	0.01436521	9.734824
1103701996	ACC	0.01436521	0.02873042	9.730036
1103702004	ACC	-0.033518825	0.009576807	9.773131
1103702012	ACC	-0.023942016	-0.038307227	9.792285
1103702020	ACC	-0.02873042	-0.062249243	9.844957
1103702028	ACC	-0.05746084	-0.08140286	9.888053
1103702036	ACC	-0.023942016	-0.07182605	9.883265
1103702044	ACC	-0.033518825	-0.076614454	9.883265
1103702052	ACC	-0.047884032	-0.05267244	9.854534
1103702060	ACC	-0.05746084	-0.01436521	9.80665
1103702068	ACC	-0.05267244	-0.02873042	9.773131
1103702076	ACC	-0.023942016	0.0	9.77792
1103702084	ACC	-0.033518825	0.0	9.849746
1103702092	ACC	-0.05746084	-0.009576807	9.864111
1103702100	ACC	-0.033518825	-0.038307227	9.821015
1103702108	ACC	-0.023942016	-0.05267244	9.753978
1103702116	ACC	0.009576807	-0.023942016	9.710882
1103702124	ACC	0.01436521	0.019153614	9.758766
1103702132	ACC	-0.009576807	0.01436521	9.797073
1103702140	ACC	-0.047884032	-0.033518825	9.849746
1103702148	ACC	-0.08619126	-0.07182605	9.888053
1103702156	ACC	-0.062249243	-0.05267244	9.868899
1103702164	ACC	-0.05267244	-0.023942016	9.825804
1103702172	ACC	-0.033518825	0.0	9.782708
1103702180	ACC	-0.0047884034	0.009576807	9.753978
1103702188	ACC	-0.02873042	-0.009576807	9.77792
1103702196	ACC	-0.02873042	-0.023942016	9.797073
1103702204	ACC	-0.033518825	-0.033518825	9.816227
1103702212	ACC	-0.04309563	-0.02873042	9.849746
1103702220	ACC	-0.04309563	-0.023942016	9.854534
1103702228	ACC	-0.04309563	-0.038307227	9.816227
1103702236	ACC	-0.033518825	-0.038307227	9.792285
1103702244	ACC	-0.04309563	-0.033518825	9.80665
1103702252	ACC	-0.033518825	-0.019153614	9.821015
1103702260	ACC	-0.02873042	0.0047884034	9.816227
1103702268	ACC	-0.02873042	0.01436521	9.811439
1103702276	ACC	-0.033518825	-0.023942016	9.792285
1103702284	ACC	-0.038307227	-0.04309563	9.787497
1103702292	ACC	-0.02873042	-0.033518825	9.811439
1103702300	ACC	-0.023942016	-0.02873042	9.835381
1103702308	ACC	-0.019153614	-0.04309563	9.859323
1103702316	ACC	-0.019153614	-0.01436521	9.844957
1103702324	ACC	-0.047884032	-0.023942016	9.782708
1103702332	ACC	-0.076614454	-0.038307227	9.753978
1103702340	ACC	-0.05267244	-0.019153614	9.773131
1103702348	ACC	-0.023942016	0.0	9.835381
1103702356	ACC	0.01436521	-0.019153614	9.883265
1103702364	ACC	0.009576807	-0.038307227	9.825804
1103702372	ACC	-0.023942016	-0.05746084	9.801862
1103702380	ACC	-0.06703765	-0.047884032	9.787497
1103702388	ACC	-0.04309563	-0.009576807	9.80665
1103702396	ACC	-0.033518825	0.0047884034	9.825804
1103702404	ACC	-0.04309563	-0.023942016	9.825804
1103702412	ACC	-0.02873042	-0.04309563	9.80665
1103702420	ACC	-0.04309563	-0.04309563	9.792285
1103702428	ACC	-0.062249243	-0.033518825	9.792285
1103702436	ACC	-0.023942016	-0.0047884034	9.811439
1103702444	ACC	-0.0047884034	-0.01436521	9.816227
1103702452	ACC	-0.009576807	-0.019153614	9.835381
1103702460	ACC	-0.02873042	-0.023942016	9.825804
1103702468	ACC	-0.04309563	-0.038307227	9.811439
1103702476	ACC	-0.047884032	-0.023942016	9.787497
1103702484	ACC	-0.023942016	-0.01436521	9.80665
1103702492	ACC	-0.023942016	0.009576807	9.816227
1103702500	ACC	-0.04309563	0.0	9.825804
1103702508	ACC	-0.062249243	-0.023942016	9.80665
1103702516	ACC	-0.076614454	-0.05746084	9.797073
1103702524	ACC	-0.02873042	-0.047884032	9.811439
1103702532	ACC	-0.0047884034	-0.023942016	9.840169
1103702540	ACC	0.0	0.0	9.854534
1103702548	ACC	-0.009576807	-0.01436521	9.80665
1103702556	ACC	-0.02873042	-0.04309563	9.768343
1103702564	ACC	-0.05267244	-0.038307227	9.782708
1103702572	ACC	-0.05267244	-0.023942016	9.830592
1103702580	ACC	-0.047884032	0.0047884034	9.830592
1103702588	ACC	-0.047884032	0.0	9.80665
1103702596	ACC	-0.033518825	-0.02873042	9.797073
1103702604	ACC	-0.04309563	-0.038307227	9.801862
1103702612	ACC	-0.033518825	-0.047884032	9.825804
1103702620	ACC	-0.023942016	-0.023942016	9.830592
1103702628	ACC	-0.01436521	-0.009576807	9.821015
1103702636	ACC	-0.02873042	-0.033518825	9.801862
1103702644	ACC	-0.04309563	-0.019153614	9.797073
1103702652	ACC	-0.04309563	-0.019153614	9.811439
1103702660	ACC	-0.038307227	-0.0047884034	9.821015
1103702668	ACC	-0.023942016	-0.009576807	9.80665
1103702676	ACC	-0.033518825	-0.02873042	9.787497
1103702684	ACC	-0.047884032	-0.01436521	9.797073
1103702692	ACC	-0.05267244	-0.038307227	9.811439
1103702700	ACC	-0.033518825	-0.05746084	9.80665
1103702708	ACC	-0.023942016	-0.038307227	9.840169
1103702716	ACC	-0.009576807	-0.01436521	9.835381
1103702724	ACC	-0.01436521	-0.01436521	9.816227
1103702732	ACC	-0.04309563	-0.019153614	9.773131
1103702740	ACC	-0.05746084	-0.009576807	9.77792
1103702748	ACC	-0.04309563	-0.01436521	9.80665
1103702756	ACC	-0.033518825	-0.019153614	9.811439
1103702764	ACC	-0.02873042	-0.0047884034	9.835381
1103702772	ACC	-0.04309563	-0.019153614	9.835381
1103702780	ACC	-0.038307227	-0.04309563	9.811439
1103702788	ACC	-0.023942016	-0.047884032	9.80665
1103702796	ACC	-0.023942016	-0.047884032	9.830592
1103702804	ACC	-0.01436521	-0.033518825	9.830592
1103702812	ACC	-0.023942016	-0.023942016	9.811439
1103702820	ACC	-0.04309563	-0.01436521	9.811439
1103702828	ACC	-0.04309563	-0.01436521	9.811439
1103702836	ACC	-0.047884032	-0.02873042	9.801862
1103702844	ACC	-0.038307227	-0.009576807	9.811439
1103702852	ACC	-0.038307227	-0.009576807	9.811439
1103702860	ACC	-0.04309563	-0.033518825	9.821015
1103702868	ACC	-0.023942016	-0.047884032	9.816227
1103702876	ACC	-0.02873042	-0.019153614	9.830592
1103702884	ACC	-0.02873042	-0.04309563	9.80665
1103702892	ACC	-0.033518825	-0.05267244	9.792285
1103702900	ACC	-0.04309563	-0.01436521	9.753978
1103702908	ACC	-0.047884032	0.038307227	9.830592
1103702916	ACC	-0.04309563	0.019153614	9.945514
1103702924	ACC	0.023942016	-0.08140286	9.830592
1103702932	ACC	0.0	-0.038307227	9.840169
1103702940	ACC	-0.08140286	0.009576807	9.797073
1103702948	ACC	-0.05267244	-0.0047884034	9.701305
1103702956	ACC	-0.05746084	-0.038307227	9.734824
1103702964	ACC	-0.04309563	-0.05267244	9.849746
1103702972	ACC	0.009576807	-0.04309563	9.92636
1103702980	ACC	-0.009576807	-0.038307227	9.89763
1103702988	ACC	-0.02873042	-0.0047884034	9.830592
1103702996	ACC	-0.05746084	0.02873042	9.744401
1103703004	ACC	-0.05267244	-0.019153614	9.701305
1103703012	ACC	-0.038307227	-0.047884032	9.739613
1103703020	ACC	-0.05267244	-0.01436521	9.844957
1103703028	ACC	-0.009576807	-0.023942016	9.883265
1103703036	ACC	0.033518825	-0.062249243	9.849746
1103703044	ACC	0.02873042	-0.08140286	9.821015
1103703052	ACC	-0.01436521	-0.033518825	9.825804
1103703060	ACC	-0.07182605	0.009576807	9.816227
1103703068	ACC	-0.090979666	0.0047884034	9.768343
1103703076	ACC	-0.08619126	0.009576807	9.734824
1103703084	ACC	-0.07182605	0.0047884034	9.792285
1103703092	ACC	-0.08619126	0.009576807	9.835381
1103703100	ACC	-0.05746084	0.0047884034	9.830592
1103703108	ACC	-0.05267244	-0.038307227	9.801862
1103703116	ACC	-0.038307227	-0.076614454	9.821015
1103703124	ACC	0.0047884034	-0.05746084	9.825804
1103703132	ACC	0.0047884034	-0.05267244	9.840169
1103703140	ACC	0.01436521	-0.047884032	9.835381
1103703148	ACC	-0.019153614	-0.023942016	9.849746
1103703156	ACC	-0.01436521	-0.01436521	9.821015
1103703164	ACC	-0.0047884034	-0.0047884034	9.773131
1103703172	ACC	-0.023942016	0.0	9.768343
1103703180	ACC	-0.04309563	-0.009576807	9.782708
1103703188	ACC	-0.08619126	-0.01436521	9.811439
1103703196	ACC	-0.08140286	-0.009576807	9.811439
1103703204	ACC	-0.05267244	-0.033518825	9.801862
1103703213	ACC	-0.033518825	-0.07182605	9.854534
1103703221	ACC	-0.019153614	-0.038307227	9.864111
1103703229	ACC	-0.019153614	-0.02873042	9.868899
1103703237	ACC	-0.01436521	-0.04309563	9.801862
1103703245	ACC	-0.019153614	-0.033518825	9.763555
1103703253	ACC	-0.033518825	-0.009576807	9.782708
1103703261	ACC	-0.023942016	0.019153614	9.835381
1103703269	ACC	-0.038307227	0.01436521	9.825804
1103703277	ACC	-0.038307227	-0.019153614	9.811439
1103703285	ACC	-0.038307227	-0.047884032	9.80665
1103703293	ACC	-0.047884032	-0.038307227	9.80665
1103703301	ACC	-0.047884032	-0.033518825	9.821015
1103703309	ACC	-0.062249243	-0.047884032	9.821015
1103703317	ACC	-0.04309563	-0.038307227	9.801862
1103703325	ACC	-0.019153614	-0.038307227	9.835381
1103703333	ACC	-0.01436521	-0.04309563	9.864111
1103703341	ACC	-0.01436521	0.019153614	9.844957
1103703349	ACC	-0.019153614	-0.01436521	9.763555
1103703357	ACC	-0.033518825	-0.047884032	9.730036
1103703365	ACC	-0.009576807	0.0047884034	9.811439
1103703373	ACC	-0.019153614	0.033518825	9.849746
1103703381	ACC	-0.047884032	-0.05746084	9.821015
1103703389	ACC	-0.05267244	-0.095768064	9.792285
1103703397	ACC	-0.05746084	-0.019153614	9.844957
1103703405	ACC	-0.033518825	-0.0047884034	9.768343
1103703413	ACC	0.0047884034	-0.05746084	9.634268
1103703421	ACC	0.009576807	-0.076614454	10.01734
1103703429	ACC	-0.05267244	-0.047884032	10.108319
1103703437	ACC	-0.10534488	0.009576807	9.974244
1103703445	ACC	-0.08140286	0.090979666	9.715671
1103703453	ACC	-0.05746084	0.10055647	9.457097
1103703461	ACC	0.0	0.01436521	9.56723
1103703469	ACC	0.02873042	-0.08140286	9.677363
1103703477	ACC	-0.02873042	-0.08619126	9.907207
1103703485	ACC	-0.10534488	-0.08619126	10.04607
1103703493	ACC	-0.08619126	-0.062249243	10.0269165
1103703501	ACC	-0.04309563	-0.02873042	9.921572
1103703509	ACC	-0.019153614	-0.019153614	9.749189
1103703517	ACC	0.009576807	-0.0047884034	9.672575
1103703525	ACC	0.01436521	0.009576807	9.653421
1103703533	ACC	0.023942016	-0.02873042	9.725247
1103703541	ACC	0.02873042	-0.047884032	9.80665
1103703549	ACC	0.0	-0.019153614	9.931149
1103703557	ACC	-0.05746084	-0.009576807	9.945514
1103703565	ACC	-0.1388637	-0.019153614	9.878476
1103703573	ACC	-0.090979666	-0.023942016	9.787497
1103703581	ACC	-0.038307227	0.0	9.744401
1103703589	ACC	-0.02873042	-0.009576807	9.787497
1103703597	ACC	-0.019153614	-0.009576807	9.787497
1103703605	ACC	-0.023942016	-0.009576807	9.821015
1103703613	ACC	-0.076614454	-0.02873042	9.844957
1103703621	ACC	-0.05746084	-0.01436521	9.830592
1103703629	ACC	-0.062249243	-0.038307227	9.821015
1103703637	ACC	-0.047884032	-0.019153614	9.840169
1103703645	ACC	-0.038307227	0.023942016	9.830592
1103703653	ACC	-0.009576807	0.009576807	9.792285
1103703661	ACC	-0.009576807	-0.009576807	9.753978
1103703669	ACC	-0.019153614	-0.009576807	9.749189
1103703677	ACC	-0.05267244	-0.023942016	9.792285
1103703685	ACC	-0.05267244	-0.05267244	9.811439
1103703693	ACC	-0.04309563	-0.04309563	9.854534
1103703701	ACC	-0.047884032	-0.033518825	9.868899
1103703709	ACC	-0.01436521	-0.04309563	9.840169
1103703717	ACC	-0.009576807	-0.04309563	9.849746
1103703725	ACC	-0.02873042	0.0	9.835381
1103703733	ACC	-0.023942016	0.023942016	9.77792
1103703741	ACC	-0.01436521	0.023942016	9.715671
1103703749	ACC	-0.04309563	-0.05267244	9.792285
1103703757	ACC	-0.062249243	-0.019153614	9.868899
1103703765	ACC	-0.01436521	0.0047884034	9.878476
1103703773	ACC	-0.033518825	-0.076614454	9.811439
1103703781	ACC	-0.04309563	-0.076614454	9.825804
1103703789	ACC	-0.05267244	0.047884032	9.878476
1103703797	ACC	-0.06703765	0.06703765	9.821015
1103703805	ACC	-0.08619126	-0.047884032	9.715671
1103703813	ACC	-0.047884032	-0.05746084	9.734824
1103703821	ACC	0.0	0.038307227	9.825804
1103703829	ACC	-0.009576807	-0.023942016	9.859323
1103703837	ACC	0.009576807	-0.05267244	9.811439
1103703845	ACC	-0.05267244	-0.038307227	9.801862
1103703853	ACC	-0.07182605	-0.04309563	9.844957
1103703861	ACC	-0.038307227	-0.033518825	9.835381
1103703869	ACC	-0.05267244	-0.009576807	9.830592
1103703877	ACC	-0.05746084	0.02873042	9.811439
1103703885	ACC	-0.02873042	0.0	9.77792
1103703893	ACC	-0.019153614	-0.033518825	9.763555
1103703901	ACC	-0.019153614	-0.009576807	9.792285
1103703909	ACC	-0.047884032	0.0	9.825804
1103703917	ACC	-0.0047884034	-0.0047884034	9.830592
1103703925	ACC	-0.01436521	-0.01436521	9.792285
1103703933	ACC	-0.038307227	-0.02873042	9.801862
1103703941	ACC	-0.02873042	-0.04309563	9.835381
1103703949	ACC	-0.01436521	-0.033518825	9.825804
1103703957	ACC	-0.038307227	-0.033518825	9.835381
1103703965	ACC	-0.05746084	-0.009576807	9.825804
1103703973	ACC	-0.04309563	-0.009576807	9.792285
1103703981	ACC	-0.05267244	-0.01436521	9.792285
1103703989	ACC	-0.076614454	-0.023942016	9.801862
1103703997	ACC	-0.033518825	-0.009576807	9.801862
1103704005	ACC	0.0	-0.02873042	9.80665
1103704013	ACC	0.0	-0.009576807	9.816227
1103704021	ACC	-0.01436521	-0.0047884034	9.825804
1103704029	ACC	-0.06703765	-0.019153614	9.830592
1103704037	ACC	-0.08619126	-0.023942016	9.821015
1103704045	ACC	-0.08140286	-0.0047884034	9.811439
1103704053	ACC	-0.05267244	0.0047884034	9.77792
1103704061	ACC	-0.038307227	-0.0047884034	9.792285
1103704069	ACC	-0.033518825	-0.019153614	9.835381
1103704077	ACC	-0.038307227	-0.01436521	9.868899
1103704085	ACC	-0.038307227	-0.023942016	9.844957
1103704093	ACC	-0.038307227	-0.019153614	9.787497
1103704101	ACC	-0.009576807	-0.0047884034	9.753978
1103704109	ACC	-0.023942016	-0.009576807	9.787497
1103704117	ACC	-0.023942016	-0.009576807	9.816227
1103704125	ACC	-0.033518825	-0.02873042	9.816227
1103704133	ACC	-0.04309563	-0.047884032	9.816227
1103704141	ACC	-0.05267244	-0.019153614	9.854534
1103704149	ACC	-0.05746084	0.0	9.849746
1103704157	ACC	-0.05746084	-0.0047884034	9.835381
1103704165	ACC	-0.07182605	0.0047884034	9.821015
1103704173	ACC	-0.062249243	0.023942016	9.801862
1103704181	ACC	0.0	0.02873042	9.758766
1103704189	ACC	0.047884032	0.009576807	9.662998
1103704197	ACC	0.02873042	-0.05746084	9.639056
1103704205	ACC	0.019153614	-0.11971009	9.892841
1103704213	ACC	-0.009576807	-0.1388637	9.9790325
1103704221	ACC	-0.10534488	-0.076614454	10.060435
1103704229	ACC	-0.11492168	0.023942016	9.902418
1103704237	ACC	-0.06703765	0.062249243	9.773131
1103704245	ACC	-0.033518825	0.05267244	9.643845
1103704253	ACC	-0.01436521	-0.01436521	9.629479
1103704261	ACC	-0.009576807	-0.07182605	9.691729
1103704269	ACC	-0.033518825	-0.047884032	9.782708
1103704277	ACC	-0.038307227	-0.038307227	9.931149
1103704285	ACC	-0.02873042	-0.038307227	9.9550905
1103704293	ACC	-0.04309563	-0.009576807	9.964667
1103704301	ACC	-0.02873042	0.019153614	9.873688
1103704309	ACC	-0.009576807	-0.009576807	9.725247
1103704317	ACC	-0.009576807	-0.033518825	9.639056
1103704325	ACC	0.0047884034	0.0047884034	9.68694
1103704333	ACC	0.0047884034	-0.01436521	9.77792
1103704341	ACC	-0.019153614	-0.06703765	9.89763
1103704349	ACC	-0.095768064	-0.08140286	9.983821
1103704357	ACC	-0.10055647	-0.05267244	9.974244
1103704365	ACC	-0.04309563	-0.01436521	9.864111
1103704373	ACC	-0.009576807	-0.023942016	9.691729
1103704381	ACC	-0.0047884034	-0.0047884034	9.653421
1103704389	ACC	0.019153614	0.038307227	9.730036
1103704397	ACC	0.009576807	0.01436521	9.787497
1103704405	ACC	-0.04309563	-0.05746084	9.854534
1103704413	ACC	-0.06703765	-0.08619126	9.892841
1103704421	ACC	-0.06703765	-0.033518825	9.888053
1103704429	ACC	-0.05746084	-0.038307227	9.821015
1103704437	ACC	-0.02873042	-0.05267244	9.792285
1103704445	ACC	-0.0047884034	-0.0047884034	9.797073
1103704453	ACC	-0.009576807	0.0047884034	9.797073
1103704461	ACC	-0.019153614	-0.033518825	9.773131
1103704469	ACC	-0.090979666	-0.033518825	9.787497
1103704477	ACC	-0.07182605	0.033518825	9.840169
1103704485	ACC	-0.05267244	0.033518825	9.844957
1103704493	ACC	-0.019153614	-0.04309563	9.801862
1103704501	ACC	0.0047884034	-0.047884032	9.801862
1103704509	ACC	-0.038307227	-0.047884032	9.844957
1103704517	ACC	-0.0047884034	-0.02873042	9.840169
1103704525	ACC	0.01436521	0.0	9.797073
1103704533	ACC	-0.04309563	-0.047884032	9.77792
1103704541	ACC	-0.04309563	-0.047884032	9.801862
1103704549	ACC	-0.02873042	0.009576807	9.854534
1103704557	ACC	-0.02873042	-0.009576807	9.840169
1103704565	ACC	-0.038307227	-0.033518825	9.787497
1103704573	ACC	-0.0047884034	-0.01436521	9.792285
1103704581	ACC	-0.01436521	0.009576807	9.80665
1103704589	ACC	-0.06703765	-0.01436521	9.80665
1103704597	ACC	-0.047884032	-0.04309563	9.787497
1103704605	ACC	-0.02873042	-0.038307227	9.825804
1103704613	ACC	-0.038307227	-0.04309563	9.864111
1103704621	ACC	-0.038307227	-0.033518825	9.835381
1103704629	ACC	-0.038307227	-0.02873042	9.80665
1103704637	ACC	-0.023942016	-0.02873042	9.792285
1103704645	ACC	-0.033518825	-0.0047884034	9.80665
1103704653	ACC	-0.062249243	-0.0047884034	9.80665
1103704661	ACC	-0.047884032	-0.019153614	9.797073
1103704669	ACC	-0.05267244	-0.01436521	9.825804
1103704677	ACC	-0.033518825	-0.01436521	9.811439
1103704685	ACC	-0.019153614	-0.04309563	9.821015
1103704693	ACC	-0.033518825	-0.047884032	9.821015
1103704701	ACC	-0.019153614	-0.038307227	9.830592
1103704709	ACC	-0.023942016	-0.05746084	9.854534
1103704717	ACC	-0.02873042	-0.0047884034	9.821015
1103704725	ACC	-0.047884032	-0.009576807	9.797073
1103704733	ACC	-0.038307227	-0.04309563	9.768343
1103704741	ACC	-0.01436521	-0.023942016	9.811439
1103704749	ACC	-0.02873042	0.019153614	9.854534
1103704757	ACC	-0.01436521	0.0	9.811439
1103704765	ACC	-0.02873042	-0.07182605	9.77792
1103704773	ACC	-0.023942016	-0.02873042	9.80665
1103704781	ACC	-0.062249243	0.01436521	9.844957
1103704789	ACC	-0.033518825	-0.038307227	9.816227
1103704797	ACC	-0.01436521	-0.062249243	9.811439
1103704805	ACC	-0.047884032	-0.01436521	9.849746
1103704813	ACC	-0.02873042	-0.023942016	9.821015
1103704821	ACC	-0.02873042	-0.038307227	9.768343
1103704829	ACC	-0.047884032	-0.009576807	9.77792
1103704837	ACC	-0.038307227	0.019153614	9.830592
1103704845	ACC	-0.02873042	-0.009576807	9.797073
1103704853	ACC	-0.023942016	-0.038307227	9.801862
1103704861	ACC	-0.05746084	-0.033518825	9.816227
1103704869	ACC	-0.047884032	-0.023942016	9.835381
1103704877	ACC	-0.009576807	-0.02873042	9.782708
1103704885	ACC	-0.023942016	-0.04309563	9.792285
1103704893	ACC	-0.033518825	-0.033518825	9.840169
1103704901	ACC	-0.047884032	-0.01436521	9.849746
1103704909	ACC	-0.02873042	-0.009576807	9.821015
1103704917	ACC	-0.023942016	-0.04309563	9.797073
1103704925	ACC	-0.033518825	-0.023942016	9.80665
1103704933	ACC	0.0	0.009576807	9.797073
1103704941	ACC	-0.019153614	-0.0047884034	9.80665
1103704949	ACC	-0.02873042	-0.023942016	9.801862
1103704957	ACC	-0.038307227	-0.047884032	9.830592
1103704965	ACC	-0.038307227	-0.038307227	9.849746
1103704973	ACC	-0.023942016	-0.023942016	9.825804
1103704981	ACC	-0.04309563	-0.05267244	9.80665
1103704989	ACC	-0.04309563	-0.033518825	9.801862
1103704997	ACC	-0.019153614	0.01436521	9.849746
1103705005	ACC	-0.023942016	0.0	9.825804
1103705013	ACC	-0.038307227	-0.047884032	9.773131
1103705021	ACC	-0.04309563	-0.023942016	9.792285
1103705029	ACC	-0.04309563	0.01436521	9.821015
1103705037	ACC	-0.033518825	-0.009576807	9.816227
1103705045	ACC	-0.02873042	-0.033518825	9.80665
1103705053	ACC	-0.033518825	-0.02873042	9.816227
1103705061	ACC	-0.047884032	-0.04309563	9.816227
1103705069	ACC	-0.02873042	-0.038307227	9.811439
1103705077	ACC	-0.047884032	-0.023942016	9.816227
1103705085	ACC	-0.04309563	0.0047884034	9.830592
1103705093	ACC	-0.009576807	-0.023942016	9.773131
1103705101	ACC	-0.0047884034	-0.033518825	9.773131
1103705109	ACC	-0.038307227	0.0	9.821015
1103705117	ACC	-0.019153614	-0.0047884034	9.854534
1103705125	ACC	0.009576807	-0.009576807	9.816227
1103705133	ACC	-0.038307227	-0.10534488	9.749189
1103705141	ACC	-0.07182605	-0.038307227	9.572019
1103705149	ACC	-0.090979666	0.05746084	9.840169
1103705157	ACC	0.033518825	0.07182605	9.998186
1103705165	ACC	0.047884032	-0.0047884034	9.983821
1103705173	ACC	-0.033518825	-0.08619126	9.878476
1103705181	ACC	-0.076614454	-0.11492168	9.854534
1103705189	ACC	-0.110133275	-0.110133275	9.80665
1103705197	ACC	-0.05746084	-0.08140286	9.80665
1103705205	ACC	0.0	-0.01436521	9.821015
1103705213	ACC	0.038307227	0.04309563	9.787497
1103705221	ACC	0.04309563	0.10055647	9.667787
1103705229	ACC	-0.019153614	0.095768064	9.619903
1103705237	ACC	-0.076614454	0.038307227	9.720459
1103705245	ACC	-0.062249243	-0.04309563	9.77792
1103705253	ACC	-0.05267244	-0.15322891	9.911995
1103705261	ACC	-0.038307227	-0.15801731	10.01734
1103705269	ACC	-0.038307227	-0.05267244	10.041282
1103705277	ACC	-0.04309563	0.0047884034	9.92636
1103705285	ACC	0.009576807	0.009576807	9.682152
1103705293	ACC	-0.009576807	0.019153614	9.610326
1103705301	ACC	-0.038307227	0.01436521	9.662998
1103705309	ACC	-0.05267244	0.01436521	9.763555
1103705317	ACC	-0.04309563	-0.023942016	9.864111
1103705325	ACC	-0.038307227	-0.047884032	9.902418
1103705333	ACC	-0.009576807	-0.047884032	9.902418
1103705341	ACC	-0.01436521	-0.033518825	9.868899
1103705349	ACC	-0.019153614	0.01436521	9.811439
1103705357	ACC	-0.038307227	0.0047884034	9.758766
1103705365	ACC	-0.009576807	-0.033518825	9.715671
1103705373	ACC	-0.01436521	-0.05267244	9.725247
1103705381	ACC	-0.047884032	-0.05746084	9.821015
1103705389	ACC	-0.04309563	-0.033518825	9.888053
1103705397	ACC	-0.047884032	-0.009576807	9.89763
1103705405	ACC	-0.02873042	-0.033518825	9.859323
1103705413	ACC	-0.02873042	-0.0047884034	9.80665
1103705421	ACC	-0.038307227	0.019153614	9.749189
1103705429	ACC	-0.02873042	0.023942016	9.710882
1103705437	ACC	-0.01436521	0.0	9.744401
1103705445	ACC	-0.01436521	-0.019153614	9.80665
1103705453	ACC	-0.019153614	-0.038307227	9.907207
1103705461	ACC	-0.038307227	-0.090979666	9.902418
1103705469	ACC	-0.062249243	-0.095768064	9.849746
1103705477	ACC	-0.07182605	-0.05746084	9.811439
1103705485	ACC	-0.05746084	-0.009576807	9.80665
1103705493	ACC	-0.02873042	0.047884032	9.801862
1103705501	ACC	-0.023942016	0.033518825	9.782708
1103705509	ACC	-0.033518825	-0.01436521	9.768343
1103705517	ACC	-0.038307227	-0.019153614	9.768343
1103705525	ACC	-0.009576807	-0.01436521	9.782708
1103705533	ACC	0.0047884034	-0.033518825	9.825804
1103705541	ACC	-0.009576807	-0.047884032	9.864111
1103705549	ACC	-0.009576807	-0.05267244	9.873688
1103705557	ACC	-0.05746084	-0.05267244	9.864111
1103705565	ACC	-0.05746084	-0.07182605	9.816227
1103705573	ACC	-0.06703765	-0.019153614	9.792285
1103705581	ACC	-0.04309563	0.02873042	9.792285
1103705589	ACC	-0.019153614	0.023942016	9.768343
1103705597	ACC	-0.023942016	0.0	9.768343
1103705605	ACC	-0.038307227	-0.023942016	9.801862
1103705613	ACC	-0.02873042	-0.038307227	9.825804
1103705621	ACC	-0.01436521	-0.04309563	9.859323
1103705629	ACC	-0.01436521	-0.023942016	9.830592
1103705637	ACC	-0.02873042	-0.023942016	9.835381
1103705645	ACC	-0.033518825	-0.023942016	9.787497
1103705653	ACC	-0.047884032	-0.019153614	9.797073
1103705661	ACC	-0.06703765	-0.033518825	9.792285
1103705669	ACC	-0.047884032	-0.023942016	9.840169
1103705677	ACC	-0.04309563	0.0047884034	9.835381
1103705685	ACC	-0.02873042	-0.01436521	9.821015
1103705693	ACC	-0.023942016	-0.023942016	9.801862
1103705701	ACC	-0.02873042	-0.02873042	9.801862
1103705709	ACC	-0.0047884034	-0.02873042	9.816227
1103705717	ACC	-0.009576807	-0.02873042	9.835381
1103705725	ACC	-0.023942016	-0.023942016	9.830592
1103705733	ACC	-0.04309563	-0.033518825	9.80665
1103705741	ACC	-0.038307227	-0.04309563	9.801862
1103705749	ACC	-0.038307227	-0.019153614	9.801862
1103705757	ACC	-0.038307227	-0.023942016	9.835381
1103705765	ACC	-0.023942016	-0.019153614	9.821015
1103705773	ACC	-0.019153614	0.0	9.801862
1103705781	ACC	-0.033518825	-0.009576807	9.787497
1103705789	ACC	-0.033518825	-0.038307227	9.782708
1103705797	ACC	-0.023942016	-0.04309563	9.797073
1103705805	ACC	-0.009576807	-0.023942016	9.849746
1103705813	ACC	-0.02873042	-0.009576807	9.849746
1103705821	ACC	-0.04309563	-0.023942016	9.811439
1103705829	ACC	-0.05267244	-0.033518825	9.787497
1103705837	ACC	-0.05746084	-0.033518825	9.801862
1103705845	ACC	-0.04309563	-0.023942016	9.801862
1103705853	ACC	-0.02873042	-0.009576807	9.816227
1103705861	ACC	-0.01436521	-0.0047884034	9.835381
1103705869	ACC	-0.019153614	-0.009576807	9.821015
1103705877	ACC	-0.02873042	-0.023942016	9.782708
1103705885	ACC	-0.02873042	-0.04309563	9.782708
1103705893	ACC	-0.038307227	-0.02873042	9.80665
1103705901	ACC	-0.023942016	-0.009576807	9.830592
1103705909	ACC	-0.038307227	-0.009576807	9.825804
1103705917	ACC	-0.023942016	-0.033518825	9.797073
1103705925	ACC	-0.05267244	-0.033518825	9.80665
1103705933	ACC	-0.04309563	-0.019153614	9.816227
1103705941	ACC	-0.023942016	-0.01436521	9.811439
1103705949	ACC	-0.023942016	-0.04309563	9.821015
1103705957	ACC	-0.01436521	-0.04309563	9.811439
1103705965	ACC	-0.023942016	-0.023942016	9.811439
1103705973	ACC	-0.02873042	-0.023942016	9.816227
1103705981	ACC	-0.023942016	-0.009576807	9.821015
1103705989	ACC	-0.023942016	-0.023942016	9.816227
1103705997	ACC	-0.02873042	-0.01436521	9.811439
1103706005	ACC	-0.05746084	-0.009576807	9.80665
1103706013	ACC	-0.05267244	-0.038307227	9.80665
1103706021	ACC	-0.047884032	-0.033518825	9.816227
1103706029	ACC	-0.023942016	-0.01436521	9.830592
1103706037	ACC	-0.01436521	-0.02873042	9.830592
1103706045	ACC	-0.02873042	-0.038307227	9.821015
1103706053	ACC	-0.02873042	-0.009576807	9.825804
1103706061	ACC	-0.023942016	0.0	9.816227
1103706069	ACC	-0.04309563	-0.047884032	9.77792
1103706077	ACC	-0.02873042	-0.033518825	9.811439
1103706085	ACC	-0.038307227	0.0047884034	9.821015
1103706093	ACC	-0.06703765	-0.009576807	9.629479
1103706101	ACC	-0.11971009	0.0	9.701305
1103706109	ACC	-0.062249243	0.009576807	9.830592
1103706117	ACC	0.04309563	-0.01436521	9.921572
1103706125	ACC	0.033518825	-0.06703765	9.916783
1103706133	ACC	0.01436521	-0.05267244	9.888053
1103706141	ACC	0.0	-0.06703765	9.873688
1103706149	ACC	-0.033518825	-0.095768064	9.854534
1103706157	ACC	-0.01436521	-0.11492168	9.878476
1103706165	ACC	0.023942016	-0.08619126	9.92636
1103706173	ACC	-0.0047884034	-0.023942016	9.902418
1103706181	ACC	-0.02873042	0.019153614	9.80665
1103706189	ACC	-0.06703765	0.062249243	9.662998
1103706197	ACC	-0.10055647	0.062249243	9.562442
1103706205	ACC	-0.08140286	0.038307227	9.562442
1103706213	ACC	-0.05267244	0.038307227	9.720459
1103706221	ACC	-0.038307227	-0.009576807	9.931149
1103706229	ACC	-0.038307227	-0.08140286	9.988609
1103706237	ACC	-0.009576807	-0.1388637	9.959879
1103706245	ACC	0.01436521	-0.1388637	9.907207
1103706253	ACC	-0.023942016	-0.08619126	9.864111
1103706261	ACC	-0.04309563	-0.023942016	9.801862
1103706269	ACC	-0.01436521	0.04309563	9.744401
1103706277	ACC	-0.023942016	0.047884032	9.715671
1103706285	ACC	-0.033518825	0.023942016	9.710882
1103706293	ACC	-0.05267244	0.023942016	9.749189
1103706301	ACC	-0.05746084	-0.01436521	9.821015
1103706309	ACC	-0.05746084	-0.033518825	9.878476
1103706317	ACC	-0.047884032	-0.062249243	9.883265
1103706325	ACC	-0.009576807	-0.06703765	9.854534
1103706333	ACC	-0.019153614	-0.05746084	9.835381
1103706341	ACC	-0.023942016	-0.033518825	9.811439
1103706349	ACC	-0.0047884034	-0.009576807	9.77792
1103706357	ACC	0.0	-0.01436521	9.763555
1103706365	ACC	-0.01436521	-0.02873042	9.792285
1103706373	ACC	-0.038307227	-0.02873042	9.844957
1103706381	ACC	-0.05267244	-0.0047884034	9.849746
1103706389	ACC	-0.047884032	-0.0047884034	9.821015
1103706397	ACC	-0.038307227	-0.0047884034	9.787497
1103706405	ACC	-0.009576807	0.0	9.792285
1103706413	ACC	-0.019153614	0.0	9.811439
1103706421	ACC	-0.04309563	-0.033518825	9.80665
1103706429	ACC	-0.05267244	-0.062249243	9.80665
1103706437	ACC	-0.047884032	-0.07182605	9.830592
1103706445	ACC	-0.047884032	-0.047884032	9.864111
1103706453	ACC	-0.023942016	-0.038307227	9.873688
1103706461	ACC	-0.01436521	0.01436521	9.859323
1103706469	ACC	-0.023942016	0.0	9.782708
1103706477	ACC	-0.009576807	-0.023942016	9.739613
1103706485	ACC	-0.01436521	0.0047884034	9.758766
1103706493	ACC	-0.033518825	0.019153614	9.80665
1103706501	ACC	-0.04309563	-0.019153614	9.816227
1103706509	ACC	-0.05267244	-0.06703765	9.825804
1103706517	ACC	-0.062249243	-0.07182605	9.844957
1103706525	ACC	-0.05267244	-0.047884032	9.868899
1103706533	ACC	-0.02873042	-0.033518825	9.854534
1103706541	ACC	-0.019153614	-0.009576807	9.821015
1103706549	ACC	-0.019153614	0.0047884034	9.782708
1103706557	ACC	-0.023942016	-0.023942016	9.753978
1103706565	ACC	0.0	-0.01436521	9.758766
1103706573	ACC	0.0	-0.0047884034	9.830592
1103706581	ACC	0.0047884034	0.0	9.854534
1103706589	ACC	-0.01436521	-0.033518825	9.821015
1103706597	ACC	-0.033518825	-0.04309563	9.816227
1103706605	ACC	-0.076614454	-0.01436521	9.811439
1103706613	ACC	-0.08619126	-0.023942016	9.816227
1103706621	ACC	-0.062249243	-0.033518825	9.797073
1103706629	ACC	-0.05267244	-0.01436521	9.816227
1103706637	ACC	-0.023942016	-0.01436521	9.816227
1103706645	ACC	-0.01436521	-0.023942016	9.80665
1103706653	ACC	-0.01436521	-0.02873042	9.792285
1103706661	ACC	-0.009576807	-0.023942016	9.801862
1103706669	ACC	-0.009576807	-0.0047884034	9.811439
1103706677	ACC	-0.009576807	-0.019153614	9.816227
1103706685	ACC	-0.038307227	-0.023942016	9.811439
1103706693	ACC	-0.06703765	-0.0047884034	9.801862
1103706701	ACC	-0.07182605	-0.023942016	9.797073
1103706709	ACC	-0.06703765	-0.033518825	9.797073
1103706717	ACC	-0.047884032	-0.04309563	9.816227
1103706725	ACC	-0.033518825	-0.023942016	9.825804
1103706733	ACC	-0.02873042	-0.019153614	9.830592
1103706741	ACC	-0.009576807	-0.033518825	9.811439
1103706749	ACC	0.0	-0.023942016	9.80665
1103706757	ACC	0.0	-0.019153614	9.821015
1103706765	ACC	-0.0047884034	0.0	9.801862
1103706773	ACC	-0.02873042	0.0047884034	9.811439
1103706781	ACC	-0.05267244	-0.019153614	9.782708
1103706789	ACC	-0.047884032	-0.033518825	9.801862
1103706797	ACC	-0.062249243	-0.033518825	9.825804
1103706805	ACC	-0.05746084	-0.04309563	9.840169
1103706813	ACC	-0.04309563	-0.023942016	9.840169
1103706821	ACC	-0.033518825	-0.033518825	9.811439
1103706830	ACC	-0.01436521	-0.033518825	9.811439
1103706838	ACC	-0.009576807	-0.02873042	9.80665
1103706846	ACC	-0.009576807	-0.009576807	9.811439
1103706854	ACC	-0.019153614	-0.009576807	9.830592
1103706862	ACC	-0.038307227	-0.0047884034	9.811439
1103706870	ACC	-0.033518825	-0.0047884034	9.792285
1103706878	ACC	-0.05746084	-0.023942016	9.787497
1103706886	ACC	-0.05267244	-0.038307227	9.80665
1103706894	ACC	-0.04309563	-0.038307227	9.825804
1103706902	ACC	-0.047884032	-0.033518825	9.835381
1103706910	ACC	-0.023942016	-0.04309563	9.830592
1103706918	ACC	-0.023942016	-0.033518825	9.801862
1103706926	ACC	-0.01436521	-0.02873042	9.821015
1103706934	ACC	-0.0047884034	-0.009576807	9.797073
1103706942	ACC	-0.023942016	-0.0047884034	9.801862
1103706950	ACC	-0.038307227	0.0047884034	9.816227
1103706958	ACC	-0.04309563	0.0	9.792285
1103706966	ACC	-0.04309563	-0.019153614	9.801862
1103706974	ACC	-0.04309563	-0.019153614	9.797073
1103706982	ACC	-0.038307227	-0.033518825	9.825804
1103706990	ACC	-0.033518825	-0.04309563	9.830592
1103706998	ACC	-0.019153614	-0.05267244	9.821015
1103707006	ACC	-0.019153614	-0.038307227	9.830592
1103707014	ACC	-0.023942016	-0.02873042	9.821015
1103707022	ACC	-0.038307227	-0.019153614	9.80665
1103707030	ACC	-0.02873042	0.0	9.792285
1103707038	ACC	-0.033518825	0.0	9.797073
1103707046	ACC	-0.04309563	-0.009576807	9.801862
1103707054	ACC	-0.02873042	-0.023942016	9.797073
1103707062	ACC	-0.047884032	-0.038307227	9.816227
1103707070	ACC	-0.038307227	-0.04309563	9.811439
1103707078	ACC	-0.023942016	-0.038307227	9.821015
1103707086	ACC	-0.023942016	-0.04309563	9.844957
1103707094	ACC	-0.019153614	-0.02873042	9.840169
1103707102	ACC	-0.02873042	-0.023942016	9.821015
1103707110	ACC	-0.038307227	-0.023942016	9.797073
1103707118	ACC	-0.033518825	-0.009576807	9.787497
1103707126	ACC	-0.04309563	0.0	9.801862
1103707134	ACC	-0.038307227	-0.0047884034	9.801862
1103707142	ACC	-0.04309563	-0.01436521	9.792285
1103707150	ACC	-0.038307227	-0.023942016	9.816227
1103707158	ACC	-0.033518825	-0.04309563	9.821015
1103707166	ACC	-0.033518825	-0.05267244	9.835381
1103707174	ACC	-0.01436521	-0.04309563	9.840169
1103707182	ACC	-0.01436521	-0.033518825	9.830592
1103707190	ACC	-0.023942016	-0.038307227	9.811439
1103707198	ACC	-0.023942016	-0.01436521	9.801862
1103707206	ACC	-0.04309563	-0.009576807	9.787497
1103707214	ACC	-0.05267244	0.0	9.797073
1103707222	ACC	-0.047884032	-0.009576807	9.801862
1103707230	ACC	-0.033518825	-0.019153614	9.816227
1103707238	ACC	-0.047884032	-0.01436521	9.821015
1103707246	ACC	-0.033518825	-0.047884032	9.816227
1103707254	ACC	-0.019153614	-0.047884032	9.816227
1103707262	ACC	-0.019153614	-0.04309563	9.830592
1103707270	ACC	-0.02873042	-0.033518825	9.825804
1103707278	ACC	-0.01436521	-0.023942016	9.825804
1103707286	ACC	-0.038307227	-0.023942016	9.80665
1103707294	ACC	-0.04309563	-0.0047884034	9.797073
1103707302	ACC	-0.047884032	-0.0047884034	9.787497
1103707310	ACC	-0.04309563	0.0047884034	9.797073
1103707318	ACC	-0.02873042	-0.0047884034	9.801862
1103707326	ACC	-0.033518825	-0.02873042	9.821015
1103707334	ACC	-0.019153614	-0.038307227	9.816227
1103707342	ACC	-0.02873042	-0.047884032	9.825804
1103707350	ACC	-0.023942016	-0.05267244	9.825804
1103707358	ACC	-0.019153614	-0.038307227	9.821015
1103707366	ACC	-0.01436521	-0.019153614	9.811439
1103707374	ACC	-0.033518825	-0.01436521	9.801862
1103707382	ACC	-0.033518825	-0.0047884034	9.792285
1103707390	ACC	-0.04309563	-0.009576807	9.792285
1103707398	ACC	-0.04309563	-0.0047884034	9.797073
1103707406	ACC	-0.038307227	-0.01436521	9.816227
1103707414	ACC	-0.033518825	-0.019153614	9.816227
1103707422	ACC	-0.033518825	-0.033518825	9.816227
1103707430	ACC	-0.033518825	-0.038307227	9.830592
1103707438	ACC	-0.02873042	-0.04309563	9.825804
1103707446	ACC	-0.019153614	-0.033518825	9.80665
1103707454	ACC	-0.02873042	-0.019153614	9.816227
1103707462	ACC	-0.038307227	-0.01436521	9.811439
1103707470	ACC	-0.038307227	-0.0047884034	9.797073
1103707478	ACC	-0.038307227	-0.01436521	9.782708
1103707486	ACC	-0.047884032	-0.01436521	9.792285
1103707494	ACC	-0.033518825	-0.01436521	9.811439
1103707502	ACC	-0.02873042	-0.033518825	9.825804
1103707510	ACC	-0.02873042	-0.02873042	9.825804
1103707518	ACC	-0.023942016	-0.038307227	9.816227
1103707526	ACC	-0.02873042	-0.047884032	9.816227
1103707534	ACC	-0.023942016	-0.023942016	9.830592
1103707542	ACC	-0.019153614	-0.019153614	9.830592
1103707550	ACC	-0.023942016	0.0	9.811439
1103707558	ACC	-0.038307227	-0.009576807	9.792285
1103707566	ACC	-0.047884032	-0.009576807	9.77792
1103707574	ACC	-0.047884032	-0.0047884034	9.797073
1103707582	ACC	-0.02873042	-0.019153614	9.811439
1103707590	ACC	-0.01436521	-0.019153614	9.811439
1103707598	ACC	-0.02873042	-0.04309563	9.821015
1103707606	ACC	-0.02873042	-0.038307227	9.825804
1103707614	ACC	-0.038307227	-0.04309563	9.821015
1103707622	ACC	-0.02873042	-0.033518825	9.821015
1103707630	ACC	-0.033518825	-0.023942016	9.811439
1103707638	ACC	-0.02873042	-0.009576807	9.797073
1103707646	ACC	-0.02873042	-0.009576807	9.797073
1103707654	ACC	-0.05267244	-0.009576807	9.797073
1103707662	ACC	-0.047884032	0.0	9.797073
1103707670	ACC	-0.033518825	-0.019153614	9.797073
1103707678	ACC	-0.02873042	-0.038307227	9.830592
1103707686	ACC	-0.023942016	-0.023942016	9.811439
1103707694	ACC	-0.02873042	-0.033518825	9.816227
1103707702	ACC	-0.02873042	-0.038307227	9.816227
1103707710	ACC	-0.038307227	-0.02873042	9.816227
1103707718	ACC	-0.04309563	-0.033518825	9.801862
1103707726	ACC	-0.02873042	-0.01436521	9.816227
1103707734	ACC	-0.033518825	0.0047884034	9.821015
1103707742	ACC	-0.033518825	-0.009576807	9.811439
1103707750	ACC	-0.038307227	-0.023942016	9.801862
1103707758	ACC	-0.01436521	-0.02873042	9.801862
1103707766	ACC	-0.019153614	-0.01436521	9.816227
1103707774	ACC	-0.01436521	-0.04309563	9.816227
1103707782	ACC	-0.023942016	-0.023942016	9.821015
1103707790	ACC	-0.023942016	-0.02873042	9.816227
1103707798	ACC	-0.033518825	-0.04309563	9.821015
1103707806	ACC	-0.02873042	-0.038307227	9.801862
1103707814	ACC	-0.04309563	-0.0047884034	9.825804
1103707822	ACC	-0.02873042	-0.0047884034	9.830592
1103707830	ACC	-0.04309563	-0.023942016	9.787497
1103707838	ACC	-0.05267244	-0.033518825	9.787497
1103707846	ACC	-0.038307227	-0.019153614	9.811439
1103707854	ACC	-0.02873042	-0.023942016	9.825804
1103707862	ACC	-0.01436521	-0.02873042	9.825804
1103707870	ACC	-0.019153614	-0.01436521	9.816227
1103707878	ACC	-0.02873042	-0.02873042	9.792285
1103707886	ACC	-0.033518825	-0.033518825	9.811439
1103707894	ACC	-0.04309563	-0.009576807	9.830592
1103707902	ACC	-0.033518825	-0.023942016	9.835381
1103707910	ACC	-0.033518825	-0.02873042	9.821015
1103707918	ACC	-0.038307227	-0.019153614	9.797073
1103707926	ACC	-0.038307227	-0.02873042	9.797073
1103707934	ACC	-0.033518825	-0.01436521	9.801862
1103707942	ACC	-0.019153614	-0.01436521	9.80665
1103707950	ACC	-0.009576807	-0.02873042	9.821015
1103707958	ACC	-0.02873042	-0.033518825	9.835381
1103707966	ACC	-0.02873042	-0.02873042	9.80665
1103707974	ACC	-0.038307227	-0.023942016	9.801862
1103707982	ACC	-0.038307227	-0.02873042	9.80665
1103707990	ACC	-0.023942016	-0.009576807	9.80665
1103707998	ACC	-0.023942016	-0.009576807	9.821015
1103708006	ACC	-0.02873042	-0.033518825	9.80665
1103708014	ACC	-0.04309563	-0.023942016	9.80665
1103708022	ACC	-0.038307227	-0.02873042	9.797073
1103708030	ACC	-0.023942016	-0.02873042	9.801862
1103708038	ACC	-0.02873042	-0.01436521	9.821015
1103708046	ACC	-0.023942016	-0.01436521	9.80665
1103708054	ACC	-0.02873042	-0.023942016	9.811439
1103708062	ACC	-0.05267244	-0.047884032	9.811439
1103708070	ACC	-0.038307227	-0.01436521	9.811439
1103708078	ACC	-0.038307227	-0.019153614	9.816227
1103708086	ACC	-0.023942016	-0.023942016	9.80665
1103708094	ACC	-0.02873042	-0.01436521	9.816227
1103708102	ACC	-0.019153614	0.01436521	9.830592
1103708110	ACC	0.02873042	-0.090979666	9.682152
1103708118	ACC	-0.047884032	-0.20111294	10.084377
1103708126	ACC	-0.038307227	-0.05267244	9.964667
1103708134	ACC	-0.110133275	0.110133275	9.935937
1103708142	ACC	-0.110133275	0.14844051	9.768343
1103708150	ACC	0.023942016	0.05746084	9.528923
1103708158	ACC	0.047884032	0.009576807	9.504981
1103708166	ACC	0.0	-0.023942016	9.466674
1103708174	ACC	-0.076614454	0.019153614	9.552865
1103708182	ACC	-0.1436521	-0.07182605	10.242394
1103708190	ACC	0.11971009	-0.11971009	10.400413
1103708198	ACC	-0.12449849	-0.20111294	10.199299
1103708206	ACC	-0.08140286	-0.08619126	9.969456
1103708214	ACC	0.01436521	-0.04309563	9.739613
1103708222	ACC	-0.023942016	0.05267244	9.490616
1103708230	ACC	0.01436521	0.06703765	9.562442
1103708238	ACC	0.04309563	-0.023942016	9.519346
1103708246	ACC	-0.05267244	-0.038307227	9.835381
1103708254	ACC	-0.08619126	0.023942016	10.04607
1103708262	ACC	-0.12449849	0.033518825	10.041282
1103708270	ACC	-0.076614454	-0.023942016	9.835381
1103708278	ACC	-0.033518825	-0.06703765	9.701305
1103708286	ACC	-0.0047884034	-0.047884032	9.720459
1103708294	ACC	0.023942016	-0.047884032	9.753978
1103708302	ACC	0.038307227	-0.06703765	9.811439
1103708310	ACC	0.01436521	-0.047884032	9.864111
1103708318	ACC	-0.06703765	-0.038307227	9.873688
1103708326	ACC	-0.10055647	-0.02873042	9.864111
1103708334	ACC	-0.10055647	-0.01436521	9.816227
1103708342	ACC	-0.05267244	0.01436521	9.797073
1103708350	ACC	-0.01436521	0.038307227	9.763555
1103708358	ACC	0.0047884034	0.0	9.734824
1103708366	ACC	0.02873042	-0.01436521	9.749189
1103708374	ACC	0.0047884034	0.009576807	9.825804
1103708382	ACC	-0.07182605	-0.033518825	9.864111
1103708390	ACC	-0.07182605	-0.095768064	9.825804
1103708398	ACC	-0.0047884034	-0.095768064	9.763555
1103708406	ACC	-0.10055647	-0.05267244	9.830592
1103708414	ACC	-0.10055647	-0.009576807	9.907207
1103708422	ACC	0.04309563	0.009576807	9.840169
1103708430	ACC	0.023942016	0.02873042	9.792285
1103708438	ACC	-0.02873042	0.04309563	9.763555
1103708446	ACC	-0.033518825	0.023942016	9.710882
1103708454	ACC	-0.05746084	-0.023942016	9.696517
1103708462	ACC	-0.02873042	-0.06703765	9.825804
1103708470	ACC	-0.023942016	-0.08140286	9.907207
1103708478	ACC	0.01436521	-0.10055647	9.950302
1103708486	ACC	0.01436521	-0.07182605	9.935937
1103708494	ACC	-0.05746084	-0.0047884034	9.830592
1103708502	ACC	-0.062249243	0.033518825	9.725247
1103708510	ACC	-0.05746084	0.009576807	9.662998
1103708518	ACC	-0.062249243	0.0	9.715671
1103708526	ACC	-0.019153614	0.009576807	9.844957
1103708534	ACC	-0.01436521	-0.019153614	9.883265
1103708542	ACC	0.033518825	-0.038307227	9.854534
1103708550	ACC	0.038307227	-0.047884032	9.835381
1103708558	ACC	-0.01436521	-0.033518825	9.80665
1103708566	ACC	-0.05267244	-0.05267244	9.787497
1103708574	ACC	-0.08140286	-0.07182605	9.792285
1103708582	ACC	-0.05746084	-0.019153614	9.835381
1103708590	ACC	-0.038307227	0.019153614	9.854534
1103708598	ACC	-0.023942016	0.0047884034	9.811439
1103708606	ACC	-0.01436521	0.0	9.753978
1103708614	ACC	-0.033518825	0.0047884034	9.768343
1103708622	ACC	-0.02873042	-0.01436521	9.797073
1103708630	ACC	-0.01436521	-0.04309563	9.787497
1103708638	ACC	-0.009576807	-0.04309563	9.830592
1103708646	ACC	-0.047884032	-0.023942016	9.864111
1103708653	ACC	-0.033518825	-0.038307227	9.849746
1103708661	ACC	-0.033518825	-0.04309563	9.801862
1103708669	ACC	-0.038307227	-0.02873042	9.797073
1103708677	ACC	-0.05267244	-0.019153614	9.773131
1103708685	ACC	-0.05267244	-0.01436521	9.797073
1103708693	ACC	-0.038307227	0.0	9.816227
1103708701	ACC	-0.02873042	-0.01436521	9.811439
1103708709	ACC	0.0	-0.01436521	9.80665
1103708717	ACC	0.009576807	-0.01436521	9.792285
1103708725	ACC	0.0	-0.023942016	9.811439
1103708733	ACC	-0.02873042	-0.033518825	9.811439
1103708741	ACC	-0.04309563	-0.038307227	9.830592
1103708749	ACC	-0.047884032	-0.04309563	9.830592
1103708757	ACC	-0.05267244	-0.02873042	9.835381
1103708765	ACC	-0.05746084	-0.019153614	9.825804
1103708774	ACC	-0.04309563	-0.009576807	9.801862
1103708782	ACC	-0.019153614	-0.019153614	9.792285
1103708790	ACC	0.0047884034	-0.023942016	9.797073
1103708798	ACC	-0.009576807	-0.023942016	9.825804
1103708806	ACC	-0.01436521	-0.023942016	9.830592
1103708813	ACC	-0.04309563	-0.023942016	9.835381
1103708821	ACC	-0.038307227	-0.023942016	9.825804
1103708829	ACC	-0.047884032	-0.01436521	9.801862
1103708838	ACC	-0.047884032	-0.02873042	9.797073
1103708846	ACC	-0.047884032	-0.04309563	9.80665
1103708854	ACC	-0.047884032	-0.023942016	9.825804
1103708862	ACC	-0.038307227	-0.023942016	9.811439
1103708870	ACC	-0.023942016	-0.05267244	9.801862
1103708878	ACC	-0.01436521	-0.04309563	9.811439
1103708886	ACC	-0.01436521	0.0	9.849746
1103708894	ACC	-0.019153614	-0.009576807	9.825804
1103708902	ACC	-0.01436521	-0.033518825	9.797073
1103708910	ACC	-0.038307227	-0.009576807	9.787497
1103708918	ACC	-0.05746084	-0.019153614	9.801862
1103708926	ACC	-0.04309563	-0.019153614	9.787497
1103708934	ACC	-0.05746084	-0.033518825	9.811439
1103708942	ACC	-0.033518825	-0.038307227	9.821015
1103708950	ACC	-0.023942016	-0.05746084	9.840169
1103708958	ACC	-0.01436521	-0.04309563	9.821015
1103708966	ACC	-0.01436521	-0.019153614	9.840169
1103708974	ACC	-0.019153614	-0.01436521	9.80665
1103708982	ACC	0.0	-0.019153614	9.782708
1103708990	ACC	-0.01436521	0.0	9.787497
1103708998	ACC	-0.047884032	0.0	9.821015
1103709006	ACC	-0.05746084	-0.009576807	9.797073
1103709014	ACC	-0.06703765	-0.023942016	9.787497
1103709022	ACC	-0.05746084	-0.038307227	9.811439
1103709030	ACC	-0.04309563	-0.04309563	9.825804
1103709038	ACC	-0.023942016	-0.038307227	9.830592
1103709046	ACC	-0.009576807	-0.023942016	9.835381
1103709054	ACC	-0.019153614	-0.02873042	9.830592
1103709062	ACC	-0.009576807	-0.02873042	9.825804
1103709070	ACC	-0.0047884034	-0.019153614	9.797073
1103709078	ACC	-0.033518825	-0.019153614	9.801862
1103709086	ACC	-0.038307227	0.0047884034	9.801862
1103709094	ACC	-0.04309563	-0.0047884034	9.787497
1103709102	ACC	-0.047884032	-0.019153614	9.80665
1103709110	ACC	-0.04309563	-0.04309563	9.801862
1103709118	ACC	-0.04309563	-0.038307227	9.821015
1103709126	ACC	-0.038307227	-0.033518825	9.835381
1103709134	ACC	-0.038307227	-0.038307227	9.825804
1103709142	ACC	-0.009576807	-0.047884032	9.825804
1103709150	ACC	-0.0047884034	-0.033518825	9.821015
1103709158	ACC	-0.009576807	-0.0047884034	9.816227
1103709166	ACC	-0.02873042	0.0	9.811439
1103709174	ACC	-0.04309563	0.0047884034	9.787497
1103709182	ACC	-0.05746084	-0.0047884034	9.797073
1103709190	ACC	-0.047884032	-0.009576807	9.801862
1103709198	ACC	-0.047884032	-0.023942016	9.797073
1103709206	ACC	-0.047884032	-0.04309563	9.825804
1103709214	ACC	-0.02873042	-0.033518825	9.844957
1103709222	ACC	-0.02873042	-0.047884032	9.825804
1103709230	ACC	-0.01436521	-0.047884032	9.830592
1103709238	ACC	-0.033518825	-0.033518825	9.844957
1103709246	ACC	-0.019153614	-0.0047884034	9.80665
1103709254	ACC	-0.02873042	-0.009576807	9.792285
1103709262	ACC	-0.038307227	-0.0047884034	9.787497
1103709270	ACC	-0.04309563	0.009576807	9.80665
1103709278	ACC	-0.04309563	-0.0047884034	9.80665
1103709286	ACC	-0.04309563	-0.02873042	9.801862
1103709294	ACC	-0.04309563	-0.038307227	9.825804
1103709302	ACC	-0.02873042	-0.038307227	9.840169
1103709310	ACC	-0.009576807	-0.038307227	9.825804
1103709318	ACC	-0.01436521	-0.047884032	9.821015
1103709326	ACC	-0.023942016	-0.02873042	9.825804
1103709334	ACC	-0.023942016	-0.01436521	9.816227
1103709342	ACC	-0.023942016	-0.01436521	9.801862
1103709350	ACC	-0.02873042	-0.009576807	9.787497
1103709358	ACC	-0.05267244	0.0	9.787497
1103709366	ACC	-0.05267244	-0.01436521	9.801862
1103709374	ACC	-0.038307227	-0.02873042	9.797073
1103709382	ACC	-0.023942016	-0.047884032	9.816227
1103709390	ACC	-0.019153614	-0.047884032	9.840169
1103709398	ACC	-0.023942016	-0.04309563	9.844957
1103709406	ACC	-0.02873042	-0.04309563	9.830592
1103709414	ACC	-0.02873042	-0.033518825	9.825804
1103709422	ACC	-0.033518825	-0.01436521	9.801862
1103709430	ACC	-0.04309563	0.0	9.797073
1103709438	ACC	-0.023942016	-0.0047884034	9.792285
1103709446	ACC	-0.04309563	0.0	9.80665
1103709454	ACC	-0.04309563	-0.0047884034	9.811439
1103709462	ACC	-0.038307227	-0.023942016	9.792285
1103709470	ACC	-0.033518825	-0.047884032	9.816227
1103709478	ACC	-0.02873042	-0.04309563	9.830592
1103709486	ACC	-0.01436521	-0.038307227	9.844957
1103709494	ACC	-0.019153614	-0.033518825	9.830592
1103709502	ACC	-0.019153614	-0.038307227	9.80665
1103709510	ACC	-0.033518825	-0.033518825	9.792285
1103709518	ACC	-0.04309563	0.0047884034	9.792285
1103709526	ACC	-0.033518825	0.0	9.816227
1103709534	ACC	-0.038307227	-0.009576807	9.782708
1103709542	ACC	-0.038307227	-0.023942016	9.782708
1103709550	ACC	-0.033518825	-0.01436521	9.816227
1103709558	ACC	-0.023942016	-0.02873042	9.811439
1103709566	ACC	-0.023942016	-0.047884032	9.825804
1103709574	ACC	-0.038307227	-0.033518825	9.835381
1103709582	ACC	-0.038307227	-0.033518825	9.835381
1103709590	ACC	-0.033518825	-0.033518825	9.821015
1103709598	ACC	-0.038307227	-0.01436521	9.80665
1103709606	ACC	-0.047884032	-0.009576807	9.801862
1103709614	ACC	-0.038307227	-0.01436521	9.792285
1103709622	ACC	-0.033518825	0.0	9.797073
1103709630	ACC	-0.038307227	-0.023942016	9.797073
1103709638	ACC	-0.04309563	-0.019153614	9.811439
1103709646	ACC	-0.023942016	-0.04309563	9.811439
1103709654	ACC	-0.019153614	-0.047884032	9.825804
1103709662	ACC	-0.038307227	-0.04309563	9.835381
1103709670	ACC	-0.033518825	-0.019153614	9.830592
1103709678	ACC	-0.023942016	-0.019153614	9.811439
1103709686	ACC	-0.047884032	-0.01436521	9.797073
1103709694	ACC	-0.033518825	-0.009576807	9.797073
1103709702	ACC	-0.038307227	-0.0047884034	9.801862
1103709710	ACC	-0.033518825	-0.009576807	9.792285
1103709718	ACC	-0.023942016	-0.01436521	9.801862
1103709726	ACC	-0.038307227	-0.019153614	9.816227
1103709734	ACC	-0.023942016	-0.038307227	9.80665
1103709742	ACC	-0.023942016	-0.047884032	9.816227
1103709750	ACC	-0.023942016	-0.04309563	9.825804
1103709758	ACC	-0.023942016	-0.023942016	9.825804
1103709766	ACC	-0.02873042	-0.02873042	9.821015
1103709774	ACC	-0.033518825	-0.01436521	9.811439
1103709782	ACC	-0.038307227	-0.019153614	9.797073
1103709790	ACC	-0.047884032	-0.0047884034	9.811439
1103709798	ACC	-0.038307227	-0.009576807	9.801862
1103709806	ACC	-0.033518825	-0.01436521	9.801862
1103709814	ACC	-0.038307227	-0.019153614	9.801862
1103709822	ACC	-0.04309563	-0.02873042	9.816227
1103709830	ACC	-0.02873042	-0.038307227	9.830592
1103709838	ACC	-0.038307227	-0.033518825	9.830592
1103709846	ACC	-0.038307227	-0.023942016	9.835381
1103709854	ACC	-0.033518825	-0.02873042	9.811439
1103709862	ACC	-0.033518825	-0.01436521	9.801862
1103709870	ACC	-0.04309563	-0.019153614	9.80665
1103709878	ACC	-0.038307227	-0.009576807	9.787497
1103709886	ACC	-0.02873042	-0.01436521	9.80665
1103709894	ACC	-0.02873042	-0.038307227	9.797073
1103709902	ACC	-0.033518825	-0.023942016	9.821015
1103709910	ACC	-0.02873042	-0.038307227	9.830592
1103709918	ACC	-0.019153614	-0.047884032	9.821015
1103709926	ACC	-0.033518825	-0.04309563	9.811439
1103709934	ACC	-0.02873042	-0.02873042	9.830592
1103709942	ACC	-0.033518825	-0.023942016	9.811439
1103709950	ACC	-0.04309563	-0.033518825	9.797073
1103709958	ACC	-0.038307227	-0.019153614	9.801862
1103709966	ACC	-0.038307227	-0.009576807	9.792285
1103709974	ACC	-0.038307227	-0.02873042	9.825804
1103709982	ACC	-0.02873042	-0.023942016	9.840169
1103709990	ACC	-0.033518825	0.0047884034	9.825804
1103709998	ACC	-0.02873042	-0.05267244	9.782708
1103710006	ACC	-0.038307227	-0.076614454	9.773131
1103710014	ACC	-0.023942016	0.009576807	9.844957
1103710022	ACC	-0.033518825	0.009576807	9.868899
1103710030	ACC	-0.038307227	-0.047884032	9.811439
1103710038	ACC	-0.047884032	-0.05267244	9.782708
1103710046	ACC	-0.05746084	0.0	9.787497
1103710054	ACC	-0.04309563	-0.023942016	9.80665
1103710062	ACC	-0.01436521	-0.019153614	9.825804
1103710070	ACC	-0.009576807	0.009576807	9.821015
1103710078	ACC	-0.038307227	-0.062249243	9.821015
1103710086	ACC	-0.02873042	-0.07182605	9.797073
1103710094	ACC	-0.038307227	-0.023942016	9.849746
1103710102	ACC	-0.033518825	0.01436521	9.844957
1103710110	ACC	-0.019153614	-0.019153614	9.77792
1103710118	ACC	-0.009576807	-0.038307227	9.763555
1103710126	ACC	-0.047884032	-0.009576807	9.821015
1103710134	ACC	-0.06703765	-0.019153614	9.825804
1103710142	ACC	-0.023942016	-0.038307227	9.782708
1103710150	ACC	-0.019153614	-0.038307227	9.80665
1103710158	ACC	-0.019153614	-0.02873042	9.840169
1103710166	ACC	-0.009576807	-0.02873042	9.825804
1103710174	ACC	-0.023942016	-0.033518825	9.816227
1103710182	ACC	-0.038307227	-0.047884032	9.797073
1103710190	ACC	-0.038307227	-0.023942016	9.825804
1103710198	ACC	-0.023942016	-0.0047884034	9.821015
1103710206	ACC	-0.02873042	-0.019153614	9.801862
1103710214	ACC	-0.047884032	-0.019153614	9.792285
1103710222	ACC	-0.04309563	-0.0047884034	9.80665
1103710230	ACC	-0.023942016	-0.033518825	9.811439
1103710238	ACC	-0.033518825	-0.04309563	9.816227
1103710245	ACC	-0.033518825	-0.023942016	9.825804
1103710253	ACC	-0.033518825	-0.023942016	9.816227
1103710261	ACC	-0.02873042	-0.02873042	9.811439
1103710269	ACC	-0.033518825	-0.019153614	9.80665
1103710277	ACC	-0.033518825	-0.033518825	9.801862
1103710285	ACC	-0.02873042	-0.009576807	9.825804
1103710293	ACC	-0.038307227	0.0	9.835381
1103710301	ACC	-0.038307227	-0.01436521	9.801862
1103710309	ACC	-0.047884032	-0.038307227	9.77792
1103710317	ACC	-0.038307227	-0.033518825	9.792285
1103710325	ACC	-0.023942016	-0.019153614	9.830592
1103710333	ACC	-0.02873042	-0.023942016	9.849746
1103710341	ACC	-0.023942016	-0.02873042	9.821015
1103710349	ACC	-0.019153614	-0.02873042	9.80665
1103710357	ACC	-0.047884032	-0.038307227	9.787497
1103710365	ACC	-0.033518825	-0.02873042	9.787497
1103710373	ACC	-0.02873042	-0.0047884034	9.821015
1103710381	ACC	-0.023942016	-0.009576807	9.825804
1103710389	ACC	-0.023942016	-0.01436521	9.797073
1103710397	ACC	-0.047884032	-0.038307227	9.787497
1103710405	ACC	-0.05267244	-0.038307227	9.811439
1103710413	ACC	-0.04309563	-0.019153614	9.816227
1103710421	ACC	-0.033518825	-0.023942016	9.821015
1103710429	ACC	-0.023942016	-0.038307227	9.811439
1103710437	ACC	-0.02873042	-0.033518825	9.801862
1103710445	ACC	-0.033518825	-0.019153614	9.811439
1103710453	ACC	-0.038307227	-0.023942016	9.797073
1103710461	ACC	-0.02873042	-0.023942016	9.801862
1103710469	ACC	-0.033518825	-0.01436521	9.811439
1103710477	ACC	-0.038307227	-0.009576807	9.811439
1103710485	ACC	-0.033518825	-0.019153614	9.811439
1103710493	ACC	-0.02873042	-0.019153614	9.80665
1103710501	ACC	-0.038307227	-0.033518825	9.811439
1103710509	ACC	-0.01436521	-0.02873042	9.825804
1103710517	ACC	-0.02873042	-0.019153614	9.821015
1103710525	ACC	-0.033518825	-0.023942016	9.801862
1103710533	ACC	-0.047884032	-0.02873042	9.801862
1103710541	ACC	-0.038307227	-0.02873042	9.801862
1103710549	ACC	-0.02873042	-0.01436521	9.797073
1103710557	ACC	-0.033518825	-0.009576807	9.80665
1103710565	ACC	-0.02873042	-0.019153614	9.816227
1103710573	ACC	-0.033518825	-0.023942016	9.801862
1103710581	ACC	-0.04309563	-0.033518825	9.787497
1103710589	ACC	-0.04309563	-0.019153614	9.816227
1103710597	ACC	-0.02873042	-0.02873042	9.816227
1103710605	ACC	-0.023942016	-0.019153614	9.825804
1103710613	ACC	-0.033518825	-0.1436521	10.596737
1103710621	ACC	-0.038307227	-0.11971009	10.58716
1103710629	ACC	-0.033518825	-0.009576807	9.433155
1103710637	ACC	-0.02873042	0.08619126	9.423578
1103710645	ACC	-0.062249243	0.1436521	9.428367
1103710653	ACC	-0.04309563	0.14844051	9.65821
1103710661	ACC	-0.038307227	0.110133275	9.739613
1103710669	ACC	-0.038307227	0.06703765	9.68694
1103710677	ACC	-0.02873042	0.04309563	9.706094
1103710685	ACC	-0.019153614	0.033518825	9.868899
1103710693	ACC	-0.05267244	0.038307227	9.883265
1103710701	ACC	-0.062249243	0.07182605	9.706094
1103710709	ACC	-0.05746084	0.16280572	9.394848
1103710717	ACC	-0.07182605	0.19632454	9.23683
1103710725	ACC	-0.038307227	0.17717093	9.251195
1103710733	ACC	-0.0047884034	0.10055647	9.624691
